I/O completed
===================================SEQ=======================================

number of Clusters 8
number of Attributes 34

Time for process: 1.548610
posle-------------------RANK0
204796 0 0 0 0 0 0 0 
RANK0
88.233337 623.709351 257.194550 0.009253 0.000000 0.006958 0.000005 0.005757 0.000073 0.000024 0.009414 0.000708 0.000078 0.000684 0.000000 334.650482 276.810303 0.223295 0.222993 0.112457 0.112518 0.694610 0.027634 0.014948 244.760818 162.557068 0.646046 0.043886 0.578749 0.004393 0.223294 0.222933 0.113665 0.112434 0.000000 1032.000000 0.000000 0.000000 0.000000 0.000000 0.000000 0.000000 0.000000 0.000000 0.000000 0.000000 0.000000 0.000000 0.000000 511.000000 511.000000 0.000000 0.000000 0.000000 0.000000 1.000000 0.000000 0.000000 255.000000 255.000000 1.000000 0.000000 1.000000 0.000000 0.000000 0.000000 0.000000 0.000000 0.000000 1032.000000 0.000000 0.000000 0.000000 0.000000 0.000000 0.000000 0.000000 0.000000 0.000000 0.000000 0.000000 0.000000 0.000000 511.000000 511.000000 0.000000 0.000000 0.000000 0.000000 1.000000 0.000000 0.000000 255.000000 255.000000 1.000000 0.000000 1.000000 0.000000 0.000000 0.000000 0.000000 0.000000 0.000000 1032.000000 0.000000 0.000000 0.000000 0.000000 0.000000 0.000000 0.000000 0.000000 0.000000 0.000000 0.000000 0.000000 0.000000 511.000000 511.000000 0.000000 0.000000 0.000000 0.000000 1.000000 0.000000 0.000000 255.000000 255.000000 1.000000 0.000000 1.000000 0.000000 0.000000 0.000000 0.000000 0.000000 0.000000 1032.000000 0.000000 0.000000 0.000000 0.000000 0.000000 0.000000 0.000000 0.000000 0.000000 0.000000 0.000000 0.000000 0.000000 511.000000 511.000000 0.000000 0.000000 0.000000 0.000000 1.000000 0.000000 0.000000 255.000000 255.000000 1.000000 0.000000 1.000000 0.000000 0.000000 0.000000 0.000000 0.000000 0.000000 1032.000000 0.000000 0.000000 0.000000 0.000000 0.000000 0.000000 0.000000 0.000000 0.000000 0.000000 0.000000 0.000000 0.000000 511.000000 511.000000 0.000000 0.000000 0.000000 0.000000 1.000000 0.000000 0.000000 255.000000 255.000000 1.000000 0.000000 1.000000 0.000000 0.000000 0.000000 0.000000 0.000000 0.000000 1032.000000 0.000000 0.000000 0.000000 0.000000 0.000000 0.000000 0.000000 0.000000 0.000000 0.000000 0.000000 0.000000 0.000000 511.000000 511.000000 0.000000 0.000000 0.000000 0.000000 1.000000 0.000000 0.000000 255.000000 255.000000 1.000000 0.000000 1.000000 0.000000 0.000000 0.000000 0.000000 0.000000 0.000000 1032.000000 0.000000 0.000000 0.000000 0.000000 0.000000 0.000000 0.000000 0.000000 0.000000 0.000000 0.000000 0.000000 0.000000 511.000000 511.000000 0.000000 0.000000 0.000000 0.000000 1.000000 0.000000 0.000000 255.000000 255.000000 1.000000 0.000000 1.000000 0.000000 0.000000 0.000000 0.000000 0.000000 
posle-------------------RANK0
144704 60092 0 0 0 0 0 0 
RANK0
124.847275 227.170212 353.124237 0.011997 0.000000 0.008438 0.000007 0.007470 0.000104 0.000035 0.013255 0.000788 0.000014 0.000864 0.000000 268.203186 186.336960 0.316001 0.315572 0.159149 0.159235 0.567999 0.038798 0.017058 242.247955 126.228325 0.504833 0.060976 0.414595 0.005874 0.315772 0.315445 0.160748 0.159089 0.065450 1578.592651 26.204420 0.002646 0.000000 0.003395 0.000000 0.001631 0.000000 0.000000 0.000166 0.000516 0.000233 0.000250 0.000000 494.658386 494.673737 0.000056 0.000057 0.000022 0.000022 0.999498 0.000753 0.009867 250.811920 250.038177 0.986111 0.002733 0.974043 0.000826 0.000602 0.000160 0.000289 0.000085 0.000000 1032.000000 0.000000 0.000000 0.000000 0.000000 0.000000 0.000000 0.000000 0.000000 0.000000 0.000000 0.000000 0.000000 0.000000 511.000000 511.000000 0.000000 0.000000 0.000000 0.000000 1.000000 0.000000 0.000000 255.000000 255.000000 1.000000 0.000000 1.000000 0.000000 0.000000 0.000000 0.000000 0.000000 0.000000 1032.000000 0.000000 0.000000 0.000000 0.000000 0.000000 0.000000 0.000000 0.000000 0.000000 0.000000 0.000000 0.000000 0.000000 511.000000 511.000000 0.000000 0.000000 0.000000 0.000000 1.000000 0.000000 0.000000 255.000000 255.000000 1.000000 0.000000 1.000000 0.000000 0.000000 0.000000 0.000000 0.000000 0.000000 1032.000000 0.000000 0.000000 0.000000 0.000000 0.000000 0.000000 0.000000 0.000000 0.000000 0.000000 0.000000 0.000000 0.000000 511.000000 511.000000 0.000000 0.000000 0.000000 0.000000 1.000000 0.000000 0.000000 255.000000 255.000000 1.000000 0.000000 1.000000 0.000000 0.000000 0.000000 0.000000 0.000000 0.000000 1032.000000 0.000000 0.000000 0.000000 0.000000 0.000000 0.000000 0.000000 0.000000 0.000000 0.000000 0.000000 0.000000 0.000000 511.000000 511.000000 0.000000 0.000000 0.000000 0.000000 1.000000 0.000000 0.000000 255.000000 255.000000 1.000000 0.000000 1.000000 0.000000 0.000000 0.000000 0.000000 0.000000 0.000000 1032.000000 0.000000 0.000000 0.000000 0.000000 0.000000 0.000000 0.000000 0.000000 0.000000 0.000000 0.000000 0.000000 0.000000 511.000000 511.000000 0.000000 0.000000 0.000000 0.000000 1.000000 0.000000 0.000000 255.000000 255.000000 1.000000 0.000000 1.000000 0.000000 0.000000 0.000000 0.000000 0.000000 0.000000 1032.000000 0.000000 0.000000 0.000000 0.000000 0.000000 0.000000 0.000000 0.000000 0.000000 0.000000 0.000000 0.000000 0.000000 511.000000 511.000000 0.000000 0.000000 0.000000 0.000000 1.000000 0.000000 0.000000 255.000000 255.000000 1.000000 0.000000 1.000000 0.000000 0.000000 0.000000 0.000000 0.000000 
posle-------------------RANK0
90990 2123 111683 0 0 0 0 0 
RANK0
198.281906 47.557819 557.843079 0.019079 0.000000 0.013188 0.000011 0.011749 0.000099 0.000055 0.021024 0.000495 0.000022 0.001264 0.000000 140.405380 10.230256 0.502529 0.501860 0.253082 0.253226 0.313167 0.061403 0.022759 235.960175 51.630398 0.216681 0.096115 0.078825 0.009223 0.502029 0.501613 0.255565 0.252993 12.447480 16541.242188 802.716431 0.074894 0.000000 0.105982 0.000000 0.051813 0.002826 0.000000 0.006123 0.040509 0.006594 0.008008 0.000000 3.365049 3.793217 0.002058 0.001611 0.000867 0.001098 0.983542 0.023632 0.329115 124.726799 101.785683 0.572779 0.085935 0.169887 0.024814 0.019628 0.005214 0.006618 0.002845 0.015562 790.531067 1.888076 0.000000 0.000000 0.000000 0.000000 0.000000 0.000000 0.000000 0.000018 0.000125 0.000000 0.000072 0.000000 499.182434 499.186005 0.000004 0.000003 0.000009 0.000000 0.999886 0.000199 0.002613 254.212585 254.086090 0.997264 0.000535 0.993825 0.000070 0.000075 0.000026 0.000092 0.000001 0.000000 1032.000000 0.000000 0.000000 0.000000 0.000000 0.000000 0.000000 0.000000 0.000000 0.000000 0.000000 0.000000 0.000000 0.000000 511.000000 511.000000 0.000000 0.000000 0.000000 0.000000 1.000000 0.000000 0.000000 255.000000 255.000000 1.000000 0.000000 1.000000 0.000000 0.000000 0.000000 0.000000 0.000000 0.000000 1032.000000 0.000000 0.000000 0.000000 0.000000 0.000000 0.000000 0.000000 0.000000 0.000000 0.000000 0.000000 0.000000 0.000000 511.000000 511.000000 0.000000 0.000000 0.000000 0.000000 1.000000 0.000000 0.000000 255.000000 255.000000 1.000000 0.000000 1.000000 0.000000 0.000000 0.000000 0.000000 0.000000 0.000000 1032.000000 0.000000 0.000000 0.000000 0.000000 0.000000 0.000000 0.000000 0.000000 0.000000 0.000000 0.000000 0.000000 0.000000 511.000000 511.000000 0.000000 0.000000 0.000000 0.000000 1.000000 0.000000 0.000000 255.000000 255.000000 1.000000 0.000000 1.000000 0.000000 0.000000 0.000000 0.000000 0.000000 0.000000 1032.000000 0.000000 0.000000 0.000000 0.000000 0.000000 0.000000 0.000000 0.000000 0.000000 0.000000 0.000000 0.000000 0.000000 511.000000 511.000000 0.000000 0.000000 0.000000 0.000000 1.000000 0.000000 0.000000 255.000000 255.000000 1.000000 0.000000 1.000000 0.000000 0.000000 0.000000 0.000000 0.000000 0.000000 1032.000000 0.000000 0.000000 0.000000 0.000000 0.000000 0.000000 0.000000 0.000000 0.000000 0.000000 0.000000 0.000000 0.000000 511.000000 511.000000 0.000000 0.000000 0.000000 0.000000 1.000000 0.000000 0.000000 255.000000 255.000000 1.000000 0.000000 1.000000 0.000000 0.000000 0.000000 0.000000 0.000000 
posle-------------------RANK0
90236 380 53546 60634 0 0 0 0 
RANK0
200.165970 41.704517 391.449310 0.019238 0.000000 0.013509 0.000011 0.011980 0.000166 0.000055 0.013055 0.000953 0.000022 0.001197 0.000000 141.406860 10.139091 0.506732 0.506053 0.255203 0.255347 0.307538 0.061710 0.020464 236.759247 51.089809 0.213841 0.096200 0.077975 0.009185 0.506212 0.505781 0.257665 0.255109 2.907895 80831.835938 43571.906250 0.000000 0.000000 0.521053 0.000000 0.257895 0.000000 0.000000 0.021053 0.036842 0.000000 0.013158 0.000000 5.181579 5.471053 0.007816 0.005921 0.003500 0.003500 0.986868 0.012368 0.096395 106.689476 67.755264 0.565421 0.056447 0.220000 0.014368 0.013368 0.005316 0.014316 0.013184 0.018115 524.011108 3.092257 0.000000 0.000000 0.000000 0.000000 0.000000 0.000000 0.000000 0.013764 0.000112 0.000000 0.000149 0.000000 486.398193 486.403625 0.000002 0.000000 0.000000 0.000009 0.999748 0.000430 0.004213 253.219864 252.838852 0.993344 0.001295 0.987874 0.000217 0.000049 0.000047 0.000052 0.000002 0.092061 1075.224854 10.348732 0.002622 0.000000 0.000132 0.000000 0.000000 0.000000 0.000000 0.000082 0.000643 0.000231 0.000313 0.000000 490.256287 490.278564 0.000022 0.000026 0.000016 0.000000 0.999353 0.001043 0.015710 250.063919 249.309647 0.983097 0.003565 0.964969 0.000886 0.000716 0.000192 0.000318 0.000014 0.000000 1032.000000 0.000000 0.000000 0.000000 0.000000 0.000000 0.000000 0.000000 0.000000 0.000000 0.000000 0.000000 0.000000 0.000000 511.000000 511.000000 0.000000 0.000000 0.000000 0.000000 1.000000 0.000000 0.000000 255.000000 255.000000 1.000000 0.000000 1.000000 0.000000 0.000000 0.000000 0.000000 0.000000 0.000000 1032.000000 0.000000 0.000000 0.000000 0.000000 0.000000 0.000000 0.000000 0.000000 0.000000 0.000000 0.000000 0.000000 0.000000 511.000000 511.000000 0.000000 0.000000 0.000000 0.000000 1.000000 0.000000 0.000000 255.000000 255.000000 1.000000 0.000000 1.000000 0.000000 0.000000 0.000000 0.000000 0.000000 0.000000 1032.000000 0.000000 0.000000 0.000000 0.000000 0.000000 0.000000 0.000000 0.000000 0.000000 0.000000 0.000000 0.000000 0.000000 511.000000 511.000000 0.000000 0.000000 0.000000 0.000000 1.000000 0.000000 0.000000 255.000000 255.000000 1.000000 0.000000 1.000000 0.000000 0.000000 0.000000 0.000000 0.000000 0.000000 1032.000000 0.000000 0.000000 0.000000 0.000000 0.000000 0.000000 0.000000 0.000000 0.000000 0.000000 0.000000 0.000000 0.000000 511.000000 511.000000 0.000000 0.000000 0.000000 0.000000 1.000000 0.000000 0.000000 255.000000 255.000000 1.000000 0.000000 1.000000 0.000000 0.000000 0.000000 0.000000 0.000000 
posle-------------------RANK0
90384 173 52961 3230 58048 0 0 0 
RANK0
199.668259 42.773788 329.979523 0.019207 0.000000 0.013277 0.000011 0.002069 0.000089 0.000033 0.004116 0.000951 0.000022 0.001117 0.000000 141.175964 10.125221 0.505891 0.505223 0.254779 0.254918 0.308661 0.061652 0.021158 236.599289 51.191219 0.214352 0.096226 0.078016 0.009178 0.505386 0.504955 0.257237 0.254686 91.647400 156529.625000 127065.453125 0.000000 0.000000 1.138728 0.000000 5.676301 0.005780 0.011561 5.786127 0.000000 0.000000 0.046243 0.000000 3.554913 4.445086 0.007225 0.007630 0.004798 0.004798 0.997110 0.005780 0.040231 83.820808 63.710983 0.739827 0.022948 0.084913 0.013642 0.014104 0.009884 0.022543 0.024913 0.000000 520.512878 0.008648 0.000000 0.000000 0.000000 0.000000 0.000000 0.000000 0.000000 0.010309 0.000000 0.000000 0.000000 0.000000 491.754150 491.754120 0.000002 0.000000 0.000000 0.000000 0.999949 0.000073 0.000121 254.569534 254.360291 0.998010 0.000185 0.998008 0.000070 0.000005 0.000005 0.000036 0.000000 2.217337 2883.939209 267.978027 0.049226 0.000000 0.008669 0.000000 0.003096 0.001858 0.000000 0.002786 0.018266 0.004334 0.009598 0.000000 15.704024 16.140556 0.001276 0.000796 0.000622 0.000619 0.983458 0.025440 0.351588 136.993195 117.852943 0.590462 0.085551 0.173353 0.019821 0.014895 0.004341 0.006204 0.000672 0.000000 1032.000000 0.000000 0.000000 0.000000 0.000000 0.000000 0.000000 0.000000 0.000000 0.000000 0.000000 0.000000 0.000000 0.000000 511.260651 511.260651 0.000000 0.000000 0.000000 0.000000 1.000000 0.000000 0.000000 254.995865 254.983948 0.999945 0.000004 0.999945 0.000000 0.000001 0.000000 0.000038 0.000000 0.000000 1032.000000 0.000000 0.000000 0.000000 0.000000 0.000000 0.000000 0.000000 0.000000 0.000000 0.000000 0.000000 0.000000 0.000000 511.000000 511.000000 0.000000 0.000000 0.000000 0.000000 1.000000 0.000000 0.000000 255.000000 255.000000 1.000000 0.000000 1.000000 0.000000 0.000000 0.000000 0.000000 0.000000 0.000000 1032.000000 0.000000 0.000000 0.000000 0.000000 0.000000 0.000000 0.000000 0.000000 0.000000 0.000000 0.000000 0.000000 0.000000 511.000000 511.000000 0.000000 0.000000 0.000000 0.000000 1.000000 0.000000 0.000000 255.000000 255.000000 1.000000 0.000000 1.000000 0.000000 0.000000 0.000000 0.000000 0.000000 0.000000 1032.000000 0.000000 0.000000 0.000000 0.000000 0.000000 0.000000 0.000000 0.000000 0.000000 0.000000 0.000000 0.000000 0.000000 511.000000 511.000000 0.000000 0.000000 0.000000 0.000000 1.000000 0.000000 0.000000 255.000000 255.000000 1.000000 0.000000 1.000000 0.000000 0.000000 0.000000 0.000000 0.000000 
posle-------------------RANK0
90473 46 52915 1190 11 60161 0 0 
RANK0
198.928406 43.159298 341.264648 0.019188 0.000000 0.013098 0.000011 0.001846 0.000044 0.000033 0.004123 0.000155 0.000022 0.001116 0.000000 141.040329 10.120047 0.505372 0.504716 0.254517 0.254656 0.309324 0.061641 0.021399 236.518478 51.257614 0.214622 0.096223 0.078089 0.009180 0.504878 0.504454 0.256991 0.254425 340.347839 436475.031250 433488.250000 0.000000 0.000000 0.000000 0.000000 19.217392 0.021739 0.043478 21.586956 0.000000 0.000000 0.173913 0.000000 1.934783 3.195652 0.010870 0.001522 0.000000 0.000000 0.989130 0.021739 0.034348 124.413040 71.347824 0.334783 0.049348 0.122391 0.037391 0.022174 0.007609 0.004348 0.012826 0.000000 520.428162 0.003250 0.000000 0.000000 0.000000 0.000000 0.000000 0.000000 0.000000 0.010205 0.000000 0.000000 0.000000 0.000000 492.176270 492.176208 0.000002 0.000000 0.000000 0.000000 0.999968 0.000044 0.000090 254.652161 254.513824 0.998555 0.000115 0.998564 0.000054 0.000003 0.000003 0.000021 0.000000 43.811764 11511.392578 1090.097534 0.000000 0.000000 0.194958 0.000000 0.107563 0.008403 0.000000 0.011765 0.080672 0.011765 0.009244 0.000000 4.547059 4.752941 0.004378 0.003580 0.002378 0.001958 0.981395 0.023723 0.235403 122.432770 92.018486 0.552218 0.076303 0.183227 0.015941 0.012672 0.007790 0.009681 0.005269 0.000000 1032.000000 0.000000 0.000000 0.000000 0.000000 0.000000 0.000000 0.000000 0.000000 0.000000 0.000000 0.000000 0.000000 0.000000 511.000000 511.000000 0.000000 0.000000 0.000000 0.000000 1.000000 0.000000 0.000000 198.454544 114.272728 0.524545 0.034545 0.524545 0.000000 0.009091 0.000000 0.323636 0.000000 0.073004 1038.916626 9.310451 0.002643 0.000000 0.000133 0.000000 0.000000 0.000000 0.000000 0.000133 0.000582 0.000000 0.000332 0.000000 493.972351 493.990997 0.000026 0.000008 0.000017 0.000025 0.999488 0.000848 0.013944 250.976212 250.527206 0.986938 0.003034 0.970612 0.000757 0.000590 0.000109 0.000184 0.000009 0.000000 1032.000000 0.000000 0.000000 0.000000 0.000000 0.000000 0.000000 0.000000 0.000000 0.000000 0.000000 0.000000 0.000000 0.000000 511.000000 511.000000 0.000000 0.000000 0.000000 0.000000 1.000000 0.000000 0.000000 255.000000 255.000000 1.000000 0.000000 1.000000 0.000000 0.000000 0.000000 0.000000 0.000000 0.000000 1032.000000 0.000000 0.000000 0.000000 0.000000 0.000000 0.000000 0.000000 0.000000 0.000000 0.000000 0.000000 0.000000 0.000000 511.000000 511.000000 0.000000 0.000000 0.000000 0.000000 1.000000 0.000000 0.000000 255.000000 255.000000 1.000000 0.000000 1.000000 0.000000 0.000000 0.000000 0.000000 0.000000 
posle-------------------RANK0
90413 26 52911 510 468 2437 58031 0 
RANK0
199.367874 42.815182 328.515594 0.019201 0.000000 0.013272 0.000011 0.002046 0.000088 0.000033 0.004159 0.000431 0.000022 0.001117 0.000000 141.133087 10.124296 0.505729 0.505061 0.254697 0.254836 0.308872 0.061649 0.021137 236.574539 51.197659 0.214369 0.096222 0.078131 0.009183 0.505213 0.504790 0.257164 0.254600 27.153847 718935.937500 635156.937500 0.000000 0.000000 0.000000 0.000000 0.000000 0.000000 0.000000 0.000000 0.000000 0.000000 0.000000 0.000000 1.615385 2.115385 0.019231 0.002692 0.000000 0.000000 1.000000 0.000000 0.005000 142.307693 61.923077 0.278846 0.040385 0.105769 0.033846 0.036923 0.000000 0.007692 0.022308 0.000000 520.393250 0.003251 0.000000 0.000000 0.000000 0.000000 0.000000 0.000000 0.000000 0.009185 0.000000 0.000000 0.000000 0.000000 492.213806 492.213959 0.000000 0.000000 0.000000 0.000000 0.999991 0.000019 0.000090 254.683426 254.545364 0.998655 0.000098 0.998661 0.000050 0.000003 0.000003 0.000021 0.000000 72.149017 25540.097656 11137.564453 0.000000 0.000000 0.388235 0.000000 1.929412 0.001961 0.003922 1.966667 0.127451 0.000000 0.025490 0.000000 6.043137 6.276471 0.005922 0.005059 0.002608 0.002608 0.982216 0.018431 0.074490 114.049019 69.890198 0.519510 0.061196 0.247118 0.016176 0.013196 0.006725 0.013275 0.009373 2.401709 1240.147461 187.365387 0.170940 0.000000 0.004274 0.000000 0.000000 0.000000 0.000000 0.117521 0.008547 0.000000 0.010684 0.000000 17.042734 17.209402 0.003611 0.001047 0.000021 0.003205 0.979936 0.030962 0.311432 96.019234 37.613247 0.492885 0.157329 0.198226 0.057094 0.032949 0.001517 0.017714 0.001517 2.363972 1699.421875 282.742310 0.032417 0.000000 0.010259 0.000000 0.004103 0.002462 0.000000 0.003283 0.015183 0.005745 0.008617 0.000000 20.007385 20.562166 0.000111 0.000308 0.000616 0.000000 0.984945 0.024875 0.394633 146.228973 139.998764 0.637883 0.072573 0.151818 0.012688 0.011728 0.004887 0.004362 0.000308 0.000000 1032.000000 0.000000 0.000000 0.000000 0.000000 0.000000 0.000000 0.000000 0.000000 0.000000 0.000000 0.000000 0.000000 0.000000 511.264465 511.264465 0.000000 0.000000 0.000000 0.000000 1.000000 0.000000 0.000000 255.000000 254.998520 0.999994 0.000001 0.999994 0.000000 0.000000 0.000000 0.000005 0.000000 0.000000 1032.000000 0.000000 0.000000 0.000000 0.000000 0.000000 0.000000 0.000000 0.000000 0.000000 0.000000 0.000000 0.000000 0.000000 511.000000 511.000000 0.000000 0.000000 0.000000 0.000000 1.000000 0.000000 0.000000 255.000000 255.000000 1.000000 0.000000 1.000000 0.000000 0.000000 0.000000 0.000000 0.000000 
posle-------------------RANK0
89857 17 52810 279 2212 1459 10 58152 
RANK0
200.329697 38.750393 284.961700 0.019320 0.000000 0.005320 0.000011 0.000679 0.000033 0.000011 0.002660 0.000056 0.000022 0.001046 0.000000 141.997299 10.172507 0.508814 0.508153 0.256270 0.256410 0.304675 0.061910 0.019103 237.242508 50.738564 0.211889 0.096330 0.078304 0.009143 0.508287 0.507873 0.258661 0.256133 29.117647 1069793.625000 690619.812500 0.000000 0.000000 0.000000 0.000000 0.000000 0.000000 0.000000 0.000000 0.000000 0.000000 0.000000 0.000000 1.352941 1.352941 0.000000 0.000000 0.000000 0.000000 1.000000 0.000000 0.000000 144.235291 37.294117 0.179412 0.049412 0.127059 0.045294 0.055882 0.000000 0.000000 0.000000 0.000000 519.996765 0.003257 0.000000 0.000000 0.000000 0.000000 0.000000 0.000000 0.000000 0.000000 0.000000 0.000000 0.000000 0.000000 493.150848 493.150848 0.000000 0.000000 0.000000 0.000000 1.000000 0.000000 0.000000 254.906799 254.906799 1.000000 0.000000 1.000000 0.000000 0.000000 0.000000 0.000000 0.000000 88.813622 36741.484375 50879.378906 0.000000 0.000000 0.724014 0.000000 3.899642 0.007168 0.014337 4.028674 0.021505 0.000000 0.039427 0.000000 4.254480 5.974910 0.008459 0.008530 0.005914 0.005771 0.994480 0.004731 0.074122 98.422935 114.197136 0.784409 0.023369 0.112509 0.017133 0.012007 0.011828 0.030609 0.030860 2.005877 1032.301025 270.389679 0.071881 0.000000 0.054702 0.000000 0.000000 0.000000 0.000000 0.251808 0.014919 0.000000 0.009494 0.000000 4.323689 4.896474 0.000316 0.000222 0.000452 0.000226 0.985809 0.023766 0.391515 132.057861 116.603073 0.591420 0.090610 0.125714 0.022690 0.015520 0.003445 0.006519 0.000163 26.797121 4144.078613 365.388611 0.000000 0.000000 0.427690 0.000000 0.020562 0.006854 0.000000 0.005483 0.069225 0.009596 0.009596 0.000000 3.622344 3.831391 0.004393 0.002755 0.000350 0.000685 0.979548 0.029109 0.313996 132.952026 103.408501 0.532166 0.084510 0.147313 0.015291 0.012145 0.006141 0.005099 0.001138 0.000000 1032.000000 0.000000 0.000000 0.000000 0.000000 0.000000 0.000000 0.000000 0.000000 0.000000 0.000000 0.000000 0.000000 0.000000 511.000000 511.000000 0.000000 0.000000 0.000000 0.000000 1.000000 0.000000 0.000000 192.800003 101.000000 0.480000 0.037000 0.480000 0.000000 0.010000 0.000000 0.353000 0.000000 0.000000 1032.000000 0.000000 0.000000 0.000000 0.000000 0.000000 0.000000 0.000000 0.000000 0.000000 0.000000 0.000000 0.000000 0.000000 510.883881 510.883881 0.000000 0.000000 0.000000 0.000000 1.000000 0.000000 0.000000 254.996872 254.985046 0.999945 0.000005 0.999945 0.000000 0.000001 0.000000 0.000031 0.000000 
posle-------------------RANK0
89715 14 52806 219 3223 663 11 58145 
RANK0
200.475906 37.769825 293.225220 0.019350 0.000000 0.003333 0.000011 0.000680 0.000033 0.000011 0.000591 0.000056 0.000022 0.001037 0.000000 142.216904 10.184216 0.509619 0.508957 0.256664 0.256805 0.303613 0.061930 0.018805 237.409973 50.688770 0.211483 0.096327 0.078098 0.009148 0.509077 0.508673 0.259083 0.256543 27.142857 1298898.625000 644197.562500 0.000000 0.000000 0.000000 0.000000 0.000000 0.000000 0.000000 0.000000 0.000000 0.000000 0.000000 0.000000 1.428571 1.428571 0.000000 0.000000 0.000000 0.000000 1.000000 0.000000 0.000000 134.928574 40.571430 0.193571 0.055000 0.152857 0.055000 0.067857 0.000000 0.000000 0.000000 0.000000 519.996948 0.003030 0.000000 0.000000 0.000000 0.000000 0.000000 0.000000 0.000000 0.000000 0.000000 0.000000 0.000000 0.000000 493.182098 493.182098 0.000000 0.000000 0.000000 0.000000 1.000000 0.000000 0.000000 254.916168 254.916168 1.000000 0.000000 1.000000 0.000000 0.000000 0.000000 0.000000 0.000000 113.365295 40846.683594 73562.734375 0.000000 0.000000 0.917808 0.000000 4.968037 0.009132 0.018265 5.132420 0.018265 0.000000 0.050228 0.000000 3.515982 5.246575 0.010274 0.010594 0.005251 0.005068 0.997717 0.004566 0.053288 87.652969 107.401825 0.818174 0.015799 0.086119 0.014018 0.014749 0.014475 0.030594 0.032922 2.968973 1221.022339 327.439972 0.049333 0.000000 0.286069 0.000000 0.008067 0.003103 0.000000 0.231151 0.015513 0.000000 0.009308 0.000000 4.054297 4.540490 0.001452 0.001005 0.000469 0.000465 0.984527 0.026050 0.389619 132.811356 116.794289 0.591908 0.088542 0.113888 0.019376 0.013857 0.004120 0.005281 0.000478 74.450981 8753.247070 274.306183 0.000000 0.000000 0.004525 0.000000 0.006033 0.000000 0.000000 0.009050 0.129713 0.021116 0.009050 0.000000 6.292609 6.351433 0.003831 0.002006 0.002262 0.002262 0.976018 0.027753 0.161176 132.102570 82.135750 0.442383 0.083665 0.268371 0.019095 0.013364 0.005686 0.008326 0.002293 0.000000 1032.000000 0.000000 0.000000 0.000000 0.000000 0.000000 0.000000 0.000000 0.000000 0.000000 0.000000 0.000000 0.000000 0.000000 490.727264 490.727264 0.000000 0.000000 0.000000 0.000000 1.000000 0.000000 0.000000 181.909088 87.909088 0.441818 0.040909 0.441818 0.000000 0.012727 0.000000 0.373636 0.000000 0.000000 1032.000000 0.000000 0.000000 0.000000 0.000000 0.000000 0.000000 0.000000 0.000000 0.000000 0.000000 0.000000 0.000000 0.000000 510.920044 510.920044 0.000000 0.000000 0.000000 0.000000 1.000000 0.000000 0.000000 255.000000 254.990982 0.999964 0.000004 0.999964 0.000000 0.000000 0.000000 0.000021 0.000000 
posle-------------------RANK0
89284 10 52809 81 3908 531 18 58155 
RANK0
201.292725 37.024418 176.646347 0.019444 0.000000 0.003282 0.000011 0.000493 0.000034 0.000011 0.002710 0.000056 0.000022 0.001030 0.000000 142.871338 10.186114 0.512038 0.511379 0.257873 0.258009 0.300224 0.062285 0.018416 237.903564 49.570358 0.207202 0.096893 0.078410 0.009052 0.511511 0.511105 0.260170 0.257566 14.900000 1746825.750000 472625.406250 0.000000 0.000000 0.000000 0.000000 0.000000 0.000000 0.000000 0.000000 0.000000 0.000000 0.000000 0.000000 1.600000 1.600000 0.000000 0.000000 0.000000 0.000000 1.000000 0.000000 0.000000 136.600006 51.700001 0.233000 0.058000 0.210000 0.077000 0.094000 0.000000 0.000000 0.000000 0.000000 519.996826 0.003181 0.000000 0.000000 0.000000 0.000000 0.000000 0.000000 0.000000 0.000000 0.000000 0.000000 0.000000 0.000000 493.158661 493.158661 0.000000 0.000000 0.000000 0.000000 1.000000 0.000000 0.000000 254.910110 254.910110 1.000000 0.000000 1.000000 0.000000 0.000000 0.000000 0.000000 0.000000 307.901245 36570.964844 227236.171875 0.000000 0.000000 0.049383 0.000000 12.222222 0.024691 0.049383 13.777778 0.049383 0.000000 0.135802 0.000000 2.740741 5.049383 0.019383 0.014074 0.000000 0.000000 0.993827 0.012346 0.054691 101.790123 139.740738 0.610617 0.027654 0.106296 0.029259 0.022222 0.021111 0.020741 0.031605 12.997186 1252.212402 3281.505371 0.040686 0.000000 0.237973 0.000000 0.011515 0.002559 0.000000 0.143296 0.018168 0.003582 0.008188 0.000000 3.509212 4.310389 0.002165 0.001627 0.001405 0.001525 0.986505 0.022272 0.350883 132.667603 134.261520 0.644077 0.076205 0.102697 0.020517 0.012892 0.004483 0.008920 0.005696 40.928436 21861.289062 1779.146851 0.000000 0.000000 0.372881 0.000000 0.188324 0.000000 0.000000 0.018832 0.122411 0.000000 0.009416 0.000000 6.591337 6.632768 0.005895 0.004727 0.002505 0.002505 0.980169 0.019435 0.078060 117.274956 67.544258 0.507213 0.066441 0.266836 0.015254 0.012505 0.005763 0.012693 0.008851 0.000000 1032.000000 0.000000 0.000000 0.000000 0.000000 0.000000 0.000000 0.000000 0.000000 0.000000 0.000000 0.000000 0.000000 0.000000 380.666656 380.666656 0.000000 0.000000 0.000000 0.000000 1.000000 0.000000 0.000000 201.777771 119.222221 0.528333 0.032778 0.528333 0.000000 0.008889 0.000000 0.274444 0.000000 0.000000 1032.000000 0.000000 0.000000 0.000000 0.000000 0.000000 0.000000 0.000000 0.000000 0.000000 0.000000 0.000000 0.000000 0.000000 510.862213 510.862213 0.000000 0.000000 0.000000 0.000000 1.000000 0.000000 0.000000 255.000000 254.992813 0.999972 0.000003 0.999972 0.000000 0.000000 0.000000 0.000018 0.000000 
posle-------------------RANK0
86924 8 52804 35 3189 287 3477 58072 
RANK0
205.165985 31.541750 49.648220 0.019971 0.000000 0.003198 0.000000 0.000058 0.000000 0.000000 0.002761 0.000023 0.000012 0.000046 0.000000 146.520462 10.151937 0.525869 0.525175 0.264738 0.264671 0.281239 0.063969 0.016392 240.576065 44.212105 0.185606 0.099562 0.079123 0.008620 0.525319 0.524921 0.266497 0.263465 2.250000 2183339.000000 0.000000 0.000000 0.000000 0.000000 0.000000 0.000000 0.000000 0.000000 0.000000 0.000000 0.000000 0.000000 0.000000 1.750000 1.750000 0.000000 0.000000 0.000000 0.000000 1.000000 0.000000 0.000000 148.250000 61.375000 0.255000 0.053750 0.256250 0.033750 0.117500 0.000000 0.000000 0.000000 0.000000 519.997070 0.002954 0.000000 0.000000 0.000000 0.000000 0.000000 0.000000 0.000000 0.000000 0.000000 0.000000 0.000000 0.000000 493.197327 493.197327 0.000000 0.000000 0.000000 0.000000 1.000000 0.000000 0.000000 254.918915 254.918915 1.000000 0.000000 1.000000 0.000000 0.000000 0.000000 0.000000 0.000000 447.685699 20942.085938 589295.812500 0.000000 0.000000 0.000000 0.000000 25.257143 0.028571 0.057143 28.371429 0.000000 0.000000 0.228571 0.000000 2.800000 4.771429 0.016286 0.004000 0.000000 0.000000 0.985714 0.028571 0.022857 116.657143 84.371429 0.376000 0.038571 0.046000 0.045714 0.003429 0.010286 0.005714 0.016857 66.757294 309.789917 8112.674316 0.000000 0.000000 0.293823 0.000314 0.060207 0.004390 0.000941 0.042019 0.025086 0.000314 0.029476 0.000000 7.680464 10.335528 0.004650 0.004321 0.005133 0.011050 0.997814 0.002302 0.107322 137.467545 235.503922 0.965942 0.004691 0.057312 0.024487 0.004760 0.003437 0.025782 0.037215 1.188153 41166.554688 3485.404297 0.000000 0.000000 0.689895 0.000000 0.341463 0.000000 0.000000 0.027875 0.034843 0.000000 0.017422 0.000000 4.965157 5.264808 0.006969 0.006655 0.004634 0.004634 0.985714 0.013659 0.102160 100.188156 66.484322 0.626934 0.049965 0.211185 0.011882 0.009129 0.005888 0.018049 0.015401 2.033362 1898.436279 247.434570 0.045729 0.000000 0.003451 0.000000 0.000000 0.000000 0.000000 0.159045 0.015243 0.004026 0.008341 0.000000 11.384814 11.887259 0.000552 0.000529 0.000288 0.000144 0.984645 0.024935 0.363581 136.019852 116.872879 0.583362 0.086842 0.152266 0.019258 0.013791 0.004190 0.006664 0.000288 0.000000 1032.000000 0.000000 0.000000 0.000000 0.000000 0.000000 0.000000 0.000000 0.000000 0.000000 0.000000 0.000000 0.000000 0.000000 511.232330 511.232330 0.000000 0.000000 0.000000 0.000000 1.000000 0.000000 0.000000 254.995804 254.981613 0.999936 0.000005 0.999936 0.000000 0.000001 0.000000 0.000044 0.000000 
posle-------------------RANK0
88633 8 52975 19 1701 160 2321 58979 
RANK0
201.308548 37.420509 92.718796 0.019586 0.000000 0.004310 0.000011 0.000372 0.000023 0.000011 0.006623 0.000102 0.000023 0.001072 0.000000 143.839050 10.144551 0.515771 0.515093 0.259659 0.259746 0.295033 0.062836 0.018704 238.762833 47.526531 0.199407 0.098000 0.078656 0.008839 0.515238 0.514835 0.261699 0.258832 2.250000 2183339.000000 0.000000 0.000000 0.000000 0.000000 0.000000 0.000000 0.000000 0.000000 0.000000 0.000000 0.000000 0.000000 0.000000 1.750000 1.750000 0.000000 0.000000 0.000000 0.000000 1.000000 0.000000 0.000000 148.250000 61.375000 0.255000 0.053750 0.256250 0.033750 0.117500 0.000000 0.000000 0.000000 0.004908 520.829163 0.867655 0.000000 0.000000 0.000000 0.000000 0.000000 0.000000 0.000000 0.003775 0.000019 0.000000 0.000000 0.000000 491.603241 491.604980 0.000002 0.000000 0.000000 0.000000 0.999955 0.000069 0.001318 254.521637 254.521149 0.998605 0.000202 0.997022 0.000041 0.000029 0.000009 0.000016 0.000001 806.368408 618.473694 911201.062500 0.000000 0.000000 0.000000 0.000000 46.526318 0.052632 0.105263 52.263157 0.000000 0.000000 0.421053 0.000000 1.473684 2.157895 0.026316 0.003684 0.000000 0.000000 1.000000 0.000000 0.006842 121.842102 53.263157 0.270000 0.052105 0.013158 0.058421 0.002105 0.017895 0.010526 0.030526 118.905350 284.198120 14678.198242 0.000000 0.000000 0.014697 0.000000 0.081129 0.001176 0.001176 0.077601 0.041740 0.000000 0.002939 0.000000 7.181070 10.055849 0.004803 0.005250 0.008019 0.010829 0.999118 0.001258 0.109441 127.407410 237.407990 0.967496 0.003333 0.068272 0.028189 0.006091 0.004656 0.032957 0.046161 2.068750 67217.781250 7314.418945 0.000000 0.000000 1.237500 0.000000 0.612500 0.000000 0.000000 0.050000 0.000000 0.000000 0.000000 0.000000 5.006250 5.475000 0.004938 0.007750 0.008313 0.008313 0.993500 0.002000 0.065125 81.418747 56.506248 0.777687 0.029750 0.136750 0.006063 0.009625 0.009250 0.027000 0.027188 3.286515 3147.663818 315.287811 0.068505 0.000000 0.353296 0.000000 0.011202 0.004308 0.000000 0.001293 0.023697 0.006032 0.009048 0.000000 2.933649 3.349418 0.002400 0.001370 0.000651 0.000431 0.982309 0.026540 0.366092 128.751831 107.224472 0.563356 0.089375 0.150090 0.023542 0.018733 0.005062 0.005355 0.000638 0.024399 1030.928955 3.842995 0.000000 0.000000 0.000000 0.000000 0.000000 0.000000 0.000000 0.000085 0.000153 0.000000 0.000187 0.000000 503.931976 503.938416 0.000007 0.000006 0.000000 0.000008 0.999774 0.000379 0.004872 253.453003 253.176849 0.994417 0.001214 0.987622 0.000154 0.000079 0.000041 0.000157 0.000002 
posle-------------------RANK0
89383 8 52879 16 1036 140 944 60390 
RANK0
199.715698 39.781490 134.008163 0.019422 0.000000 0.007239 0.000011 0.000369 0.000022 0.000011 0.006869 0.000101 0.000022 0.001063 0.000000 142.694077 10.144748 0.511466 0.510809 0.257497 0.257610 0.300921 0.062355 0.019716 237.786835 49.037144 0.205533 0.097271 0.078517 0.008978 0.510948 0.510528 0.259780 0.257032 2.250000 2183339.000000 0.000000 0.000000 0.000000 0.000000 0.000000 0.000000 0.000000 0.000000 0.000000 0.000000 0.000000 0.000000 0.000000 1.750000 1.750000 0.000000 0.000000 0.000000 0.000000 1.000000 0.000000 0.000000 148.250000 61.375000 0.255000 0.053750 0.256250 0.033750 0.117500 0.000000 0.000000 0.000000 0.001286 520.363647 0.280735 0.000000 0.000000 0.000000 0.000000 0.000000 0.000000 0.000000 0.003253 0.000019 0.000000 0.000000 0.000000 492.493805 492.494385 0.000002 0.000000 0.000000 0.000000 0.999983 0.000013 0.000511 254.745117 254.737244 0.999328 0.000068 0.998778 0.000021 0.000004 0.000005 0.000000 0.000000 34.000000 538.812500 1018642.500000 0.000000 0.000000 0.000000 0.000000 0.000000 0.000000 0.000000 0.000000 0.000000 0.000000 0.000000 0.000000 1.562500 2.375000 0.031250 0.004375 0.000000 0.000000 1.000000 0.000000 0.008125 136.062500 62.062500 0.293125 0.032500 0.011250 0.038125 0.000625 0.000000 0.012500 0.036250 201.689194 332.912170 21520.904297 0.000000 0.000000 0.020270 0.000000 0.986486 0.002896 0.003861 1.085907 0.068533 0.000000 0.012548 0.000000 6.534749 9.276062 0.004981 0.004402 0.011718 0.014006 0.999035 0.001931 0.107268 130.837845 233.946915 0.958552 0.004286 0.069102 0.029112 0.007664 0.006284 0.031120 0.043745 2.242857 72450.468750 8206.135742 0.000000 0.000000 1.414286 0.000000 0.700000 0.000000 0.000000 0.057143 0.000000 0.000000 0.000000 0.000000 4.207143 4.864286 0.004857 0.008429 0.009500 0.009500 0.999357 0.001286 0.061929 73.735718 54.242859 0.820143 0.021714 0.114857 0.004643 0.009929 0.009571 0.030000 0.030143 3.002119 6226.467285 289.504242 0.000000 0.000000 0.378178 0.000000 0.019068 0.008475 0.000000 0.000000 0.024364 0.014831 0.011653 0.000000 4.810381 5.014831 0.003750 0.002733 0.000530 0.000000 0.978220 0.028570 0.235074 129.794495 92.922668 0.495689 0.084057 0.203475 0.017362 0.012394 0.007055 0.007267 0.000975 0.097996 1040.239380 10.996986 0.002633 0.000000 0.003345 0.000000 0.000132 0.000033 0.000000 0.000149 0.000679 0.000000 0.000348 0.000000 492.198975 492.218170 0.000059 0.000033 0.000017 0.000025 0.999432 0.000929 0.015404 250.530014 250.017105 0.985469 0.003345 0.967245 0.000794 0.000620 0.000141 0.000245 0.000011 
posle-------------------RANK0
89758 8 52841 14 684 139 517 60835 
RANK0
200.387619 41.008202 169.036179 0.019341 0.000000 0.008044 0.000011 0.000435 0.000033 0.000011 0.006451 0.000111 0.000022 0.001070 0.000000 142.126617 10.143051 0.509331 0.508678 0.256521 0.256657 0.303841 0.062094 0.020260 237.321457 49.810257 0.208654 0.096887 0.078414 0.009063 0.508834 0.508417 0.258827 0.256164 2.250000 2183339.000000 0.000000 0.000000 0.000000 0.000000 0.000000 0.000000 0.000000 0.000000 0.000000 0.000000 0.000000 0.000000 0.000000 1.750000 1.750000 0.000000 0.000000 0.000000 0.000000 1.000000 0.000000 0.000000 148.250000 61.375000 0.255000 0.053750 0.256250 0.033750 0.117500 0.000000 0.000000 0.000000 0.000000 520.169800 0.002952 0.000000 0.000000 0.000000 0.000000 0.000000 0.000000 0.000000 0.003917 0.000000 0.000000 0.000000 0.000000 492.849579 492.849487 0.000002 0.000000 0.000000 0.000000 0.999974 0.000032 0.000038 254.826859 254.787476 0.999518 0.000039 0.999523 0.000016 0.000002 0.000002 0.000000 0.000000 33.642857 515.428589 1094671.500000 0.000000 0.000000 0.000000 0.000000 0.000000 0.000000 0.000000 0.000000 0.000000 0.000000 0.000000 0.000000 1.642857 2.571429 0.035714 0.005000 0.000000 0.000000 1.000000 0.000000 0.009286 136.642853 68.285713 0.314286 0.030714 0.011429 0.043571 0.000714 0.000000 0.014286 0.041429 108.078949 348.975159 29373.693359 0.000000 0.000000 0.017544 0.000000 1.485380 0.002924 0.005848 1.644737 0.103801 0.000000 0.017544 0.000000 5.982456 8.590643 0.007251 0.006199 0.004561 0.005161 0.999269 0.001462 0.100746 133.861115 231.881577 0.951681 0.004664 0.072515 0.028099 0.009050 0.006711 0.029708 0.039313 2.258993 72708.890625 8265.172852 0.000000 0.000000 1.424460 0.000000 0.705036 0.000000 0.000000 0.057554 0.000000 0.000000 0.000000 0.000000 4.230216 4.892087 0.004892 0.008489 0.009568 0.009568 0.999353 0.001295 0.062374 72.884895 54.100719 0.824245 0.021583 0.113813 0.004460 0.009928 0.009640 0.030216 0.030360 1.013540 9414.179688 115.852997 0.000000 0.000000 0.000000 0.000000 0.000000 0.000000 0.000000 0.000000 0.034816 0.027079 0.009671 0.000000 7.253385 7.197292 0.004836 0.002573 0.000000 0.000000 0.975145 0.026673 0.096074 133.071564 73.541588 0.401721 0.081470 0.314275 0.019400 0.011470 0.004778 0.007544 0.000097 0.134610 1050.050781 14.380389 0.002614 0.000000 0.008104 0.000000 0.000427 0.000164 0.000000 0.000148 0.000756 0.000000 0.000444 0.000000 488.611938 488.634857 0.000076 0.000053 0.000025 0.000025 0.999310 0.001139 0.018303 249.620117 249.056427 0.982759 0.003946 0.960667 0.000896 0.000711 0.000210 0.000292 0.000026 
posle-------------------RANK0
89984 8 52870 13 446 130 409 60936 
RANK0
200.039429 41.539886 202.299545 0.019292 0.000000 0.009379 0.000011 0.000545 0.000033 0.000011 0.004634 0.000111 0.000022 0.001078 0.000000 141.787140 10.141203 0.508084 0.507430 0.255901 0.256042 0.305584 0.061950 0.020509 237.043167 50.304287 0.210736 0.096639 0.078335 0.009109 0.507584 0.507162 0.258255 0.255659 2.250000 2183339.000000 0.000000 0.000000 0.000000 0.000000 0.000000 0.000000 0.000000 0.000000 0.000000 0.000000 0.000000 0.000000 0.000000 1.750000 1.750000 0.000000 0.000000 0.000000 0.000000 1.000000 0.000000 0.000000 148.250000 61.375000 0.255000 0.053750 0.256250 0.033750 0.117500 0.000000 0.000000 0.000000 0.000000 520.285095 0.002951 0.000000 0.000000 0.000000 0.000000 0.000000 0.000000 0.000000 0.006979 0.000000 0.000000 0.000000 0.000000 492.582794 492.582794 0.000002 0.000000 0.000000 0.000000 0.999974 0.000032 0.000077 254.760727 254.681290 0.999115 0.000069 0.999122 0.000031 0.000003 0.000002 0.000020 0.000000 29.692308 489.769226 1137285.250000 0.000000 0.000000 0.000000 0.000000 0.000000 0.000000 0.000000 0.000000 0.000000 0.000000 0.000000 0.000000 1.692308 2.692308 0.038462 0.005385 0.000000 0.000000 1.000000 0.000000 0.010000 139.538467 72.307693 0.326154 0.030000 0.011538 0.046923 0.000769 0.000000 0.015385 0.044615 109.991028 282.896851 39426.871094 0.000000 0.000000 0.024664 0.000000 2.255605 0.004484 0.008969 2.522422 0.103139 0.000000 0.024664 0.000000 5.262332 8.033632 0.009215 0.008004 0.002197 0.001816 0.998879 0.002242 0.102892 137.522415 230.112106 0.935852 0.006166 0.073049 0.028005 0.008453 0.007108 0.026928 0.031435 2.415385 74939.156250 8837.376953 0.000000 0.000000 1.523077 0.000000 0.753846 0.000000 0.000000 0.061538 0.000000 0.000000 0.000000 0.000000 3.792308 4.461538 0.005231 0.009077 0.010231 0.010231 1.000000 0.000000 0.062769 68.461540 53.253845 0.851923 0.018385 0.092308 0.003692 0.010615 0.010308 0.032308 0.032462 28.188265 11673.037109 238.019562 0.000000 0.000000 0.000000 0.000000 0.000000 0.000000 0.000000 0.000000 0.105134 0.000000 0.012225 0.000000 7.388753 7.283618 0.005990 0.003252 0.000000 0.000000 0.974254 0.025232 0.081589 132.943771 71.787285 0.394352 0.081516 0.318484 0.018729 0.012347 0.004352 0.006284 0.001002 0.134305 1056.390625 14.013374 0.002609 0.000000 0.006105 0.000000 0.000427 0.000164 0.000000 0.000148 0.000755 0.000230 0.000443 0.000000 487.815277 487.838379 0.000044 0.000020 0.000025 0.000025 0.999280 0.001180 0.018450 249.427856 248.771027 0.981815 0.004082 0.959644 0.000932 0.000722 0.000212 0.000317 0.000026 
posle-------------------RANK0
90137 8 52895 13 295 130 359 60959 
RANK0
199.714294 42.018581 230.975983 0.019260 0.000000 0.013058 0.000011 0.000577 0.000033 0.000011 0.003228 0.000111 0.000022 0.001076 0.000000 141.554184 10.136093 0.507226 0.506572 0.255466 0.255609 0.306763 0.061844 0.020732 236.874619 50.631351 0.212070 0.096496 0.078269 0.009121 0.506725 0.506307 0.257863 0.255286 2.250000 2183339.000000 0.000000 0.000000 0.000000 0.000000 0.000000 0.000000 0.000000 0.000000 0.000000 0.000000 0.000000 0.000000 0.000000 1.750000 1.750000 0.000000 0.000000 0.000000 0.000000 1.000000 0.000000 0.000000 148.250000 61.375000 0.255000 0.053750 0.256250 0.033750 0.117500 0.000000 0.000000 0.000000 0.000000 520.378235 0.003025 0.000000 0.000000 0.000000 0.000000 0.000000 0.000000 0.000000 0.009358 0.000000 0.000000 0.000000 0.000000 492.355377 492.355408 0.000002 0.000000 0.000000 0.000000 0.999974 0.000032 0.000077 254.697159 254.584152 0.998773 0.000090 0.998780 0.000052 0.000003 0.000002 0.000021 0.000000 29.692308 489.769226 1137285.250000 0.000000 0.000000 0.000000 0.000000 0.000000 0.000000 0.000000 0.000000 0.000000 0.000000 0.000000 0.000000 1.692308 2.692308 0.038462 0.005385 0.000000 0.000000 1.000000 0.000000 0.010000 139.538467 72.307693 0.326154 0.030000 0.011538 0.046923 0.000769 0.000000 0.015385 0.044615 129.000000 280.542358 50875.191406 0.000000 0.000000 0.033898 0.000000 3.393220 0.006780 0.013559 3.806780 0.081356 0.000000 0.037288 0.000000 4.722034 7.603390 0.012508 0.011186 0.003322 0.002271 0.998305 0.003390 0.100475 138.091522 225.128815 0.915559 0.008780 0.069153 0.030678 0.011220 0.010034 0.026542 0.028542 2.415385 74939.156250 8837.376953 0.000000 0.000000 1.523077 0.000000 0.753846 0.000000 0.000000 0.061538 0.000000 0.000000 0.000000 0.000000 3.792308 4.461538 0.005231 0.009077 0.010231 0.010231 1.000000 0.000000 0.062769 68.461540 53.253845 0.851923 0.018385 0.092308 0.003692 0.010615 0.010308 0.032308 0.032462 60.247910 12506.083984 310.696381 0.000000 0.000000 0.000000 0.000000 0.005571 0.000000 0.000000 0.005571 0.181058 0.000000 0.013928 0.000000 6.974930 6.908078 0.006323 0.003705 0.000000 0.000000 0.976128 0.023398 0.081226 131.025070 72.275764 0.395905 0.078412 0.314903 0.018747 0.014624 0.004791 0.007159 0.001532 0.127692 1060.266479 13.125626 0.002608 0.000000 0.000656 0.000000 0.000427 0.000164 0.000000 0.000148 0.000755 0.000230 0.000443 0.000000 487.639313 487.661896 0.000047 0.000020 0.000025 0.000025 0.999248 0.001211 0.018397 249.396912 248.697250 0.981559 0.004120 0.959552 0.000944 0.000721 0.000208 0.000317 0.000026 
posle-------------------RANK0
90224 8 52902 13 207 130 347 60965 
RANK0
199.667313 42.254623 252.818054 0.019241 0.000000 0.013067 0.000011 0.000643 0.000033 0.000011 0.002782 0.000333 0.000022 0.001086 0.000000 141.423706 10.135407 0.506766 0.506108 0.255224 0.255365 0.307435 0.061777 0.020845 236.788055 50.820812 0.212852 0.096409 0.078244 0.009141 0.506252 0.505831 0.257639 0.255070 2.250000 2183339.000000 0.000000 0.000000 0.000000 0.000000 0.000000 0.000000 0.000000 0.000000 0.000000 0.000000 0.000000 0.000000 0.000000 1.750000 1.750000 0.000000 0.000000 0.000000 0.000000 1.000000 0.000000 0.000000 148.250000 61.375000 0.255000 0.053750 0.256250 0.033750 0.117500 0.000000 0.000000 0.000000 0.000000 520.408081 0.003024 0.000000 0.000000 0.000000 0.000000 0.000000 0.000000 0.000000 0.010208 0.000000 0.000000 0.000000 0.000000 492.290436 492.290436 0.000002 0.000000 0.000000 0.000000 0.999968 0.000044 0.000077 254.674667 254.551102 0.998659 0.000103 0.998666 0.000052 0.000003 0.000002 0.000021 0.000000 29.692308 489.769226 1137285.250000 0.000000 0.000000 0.000000 0.000000 0.000000 0.000000 0.000000 0.000000 0.000000 0.000000 0.000000 0.000000 1.692308 2.692308 0.038462 0.005385 0.000000 0.000000 1.000000 0.000000 0.010000 139.538467 72.307693 0.326154 0.030000 0.011538 0.046923 0.000769 0.000000 0.015385 0.044615 120.463768 277.347839 62895.507812 0.000000 0.000000 0.038647 0.000000 4.806763 0.009662 0.019324 5.400966 0.019324 0.000000 0.053140 0.000000 4.086957 6.884058 0.005169 0.005169 0.003140 0.002174 0.997585 0.004831 0.094928 135.574875 220.391312 0.887102 0.008213 0.072271 0.031884 0.009179 0.009034 0.027150 0.027343 2.415385 74939.156250 8837.376953 0.000000 0.000000 1.523077 0.000000 0.753846 0.000000 0.000000 0.061538 0.000000 0.000000 0.000000 0.000000 3.792308 4.461538 0.005231 0.009077 0.010231 0.010231 1.000000 0.000000 0.062769 68.461540 53.253845 0.851923 0.018385 0.092308 0.003692 0.010615 0.010308 0.032308 0.032462 30.043228 12711.455078 286.729095 0.000000 0.000000 0.000000 0.000000 0.005764 0.000000 0.000000 0.005764 0.115274 0.000000 0.014409 0.000000 6.720461 6.651297 0.006542 0.003833 0.000000 0.000000 0.975303 0.024207 0.084035 130.175797 72.000000 0.394179 0.076715 0.310490 0.018991 0.013026 0.004063 0.007378 0.001009 0.311179 1061.375732 13.289461 0.002608 0.000000 0.000656 0.000000 0.000426 0.000164 0.000000 0.000148 0.001165 0.000230 0.000426 0.000000 487.594025 487.616577 0.000047 0.000020 0.000025 0.000025 0.999248 0.001211 0.018363 249.391220 248.676437 0.981493 0.004139 0.959544 0.000945 0.000733 0.000213 0.000317 0.000029 
posle-------------------RANK0
90298 8 52903 13 138 130 346 60960 
RANK0
199.504623 42.450554 274.361237 0.019225 0.000000 0.013101 0.000011 0.000676 0.000033 0.000011 0.002780 0.000332 0.000022 0.001085 0.000000 141.310684 10.131564 0.506351 0.505693 0.255015 0.255156 0.308003 0.061727 0.020940 236.710175 50.973221 0.213450 0.096336 0.078238 0.009150 0.505838 0.505417 0.257436 0.254874 2.250000 2183339.000000 0.000000 0.000000 0.000000 0.000000 0.000000 0.000000 0.000000 0.000000 0.000000 0.000000 0.000000 0.000000 0.000000 1.750000 1.750000 0.000000 0.000000 0.000000 0.000000 1.000000 0.000000 0.000000 148.250000 61.375000 0.255000 0.053750 0.256250 0.033750 0.117500 0.000000 0.000000 0.000000 0.000000 520.408020 0.003100 0.000000 0.000000 0.000000 0.000000 0.000000 0.000000 0.000000 0.010207 0.000000 0.000000 0.000000 0.000000 492.283020 492.283020 0.000002 0.000000 0.000000 0.000000 0.999968 0.000044 0.000077 254.671738 254.548172 0.998659 0.000103 0.998666 0.000052 0.000003 0.000002 0.000021 0.000000 29.692308 489.769226 1137285.250000 0.000000 0.000000 0.000000 0.000000 0.000000 0.000000 0.000000 0.000000 0.000000 0.000000 0.000000 0.000000 1.692308 2.692308 0.038462 0.005385 0.000000 0.000000 1.000000 0.000000 0.010000 139.538467 72.307693 0.326154 0.030000 0.011538 0.046923 0.000769 0.000000 0.015385 0.044615 180.108688 296.557983 80126.031250 0.000000 0.000000 0.028986 0.000000 7.188406 0.014493 0.028986 8.101449 0.028986 0.000000 0.079710 0.000000 3.572464 6.724638 0.007754 0.007754 0.004710 0.003261 0.996377 0.007246 0.068913 133.594208 208.173920 0.845652 0.011304 0.063841 0.037101 0.012899 0.012899 0.035362 0.032464 2.415385 74939.156250 8837.376953 0.000000 0.000000 1.523077 0.000000 0.753846 0.000000 0.000000 0.061538 0.000000 0.000000 0.000000 0.000000 3.792308 4.461538 0.005231 0.009077 0.010231 0.010231 1.000000 0.000000 0.062769 68.461540 53.253845 0.851923 0.018385 0.092308 0.003692 0.010615 0.010308 0.032308 0.032462 30.130058 12728.387695 287.557800 0.000000 0.000000 0.000000 0.000000 0.005780 0.000000 0.000000 0.005780 0.115607 0.000000 0.014451 0.000000 6.736994 6.667630 0.006561 0.003844 0.000000 0.000000 0.975231 0.024277 0.084277 130.017334 72.141617 0.394971 0.076879 0.311041 0.019046 0.013064 0.004075 0.007399 0.001012 0.311155 1061.495605 13.257563 0.002608 0.000000 0.000656 0.000000 0.000427 0.000164 0.000000 0.000148 0.001165 0.000230 0.000427 0.000000 487.633911 487.656433 0.000047 0.000020 0.000025 0.000025 0.999248 0.001211 0.018364 249.398956 248.685242 0.981514 0.004133 0.959623 0.000945 0.000733 0.000213 0.000317 0.000029 
posle-------------------RANK0
90361 8 52904 13 82 130 346 60952 
RANK0
199.369843 42.624969 295.821106 0.019212 0.000000 0.013092 0.000011 0.000697 0.000033 0.000011 0.002800 0.000332 0.000022 0.001085 0.000000 141.214294 10.128473 0.505998 0.505341 0.254840 0.254980 0.308485 0.061684 0.021049 236.653519 51.093700 0.213930 0.096283 0.078190 0.009174 0.505486 0.505066 0.257281 0.254715 2.250000 2183339.000000 0.000000 0.000000 0.000000 0.000000 0.000000 0.000000 0.000000 0.000000 0.000000 0.000000 0.000000 0.000000 0.000000 1.750000 1.750000 0.000000 0.000000 0.000000 0.000000 1.000000 0.000000 0.000000 148.250000 61.375000 0.255000 0.053750 0.256250 0.033750 0.117500 0.000000 0.000000 0.000000 0.000000 520.407959 0.003100 0.000000 0.000000 0.000000 0.000000 0.000000 0.000000 0.000000 0.010207 0.000000 0.000000 0.000000 0.000000 492.274750 492.274689 0.000002 0.000000 0.000000 0.000000 0.999968 0.000044 0.000077 254.671738 254.548187 0.998659 0.000103 0.998666 0.000052 0.000003 0.000002 0.000021 0.000000 29.692308 489.769226 1137285.250000 0.000000 0.000000 0.000000 0.000000 0.000000 0.000000 0.000000 0.000000 0.000000 0.000000 0.000000 0.000000 1.692308 2.692308 0.038462 0.005385 0.000000 0.000000 1.000000 0.000000 0.010000 139.538467 72.307693 0.326154 0.030000 0.011538 0.046923 0.000769 0.000000 0.015385 0.044615 298.634155 346.634155 111020.000000 0.000000 0.000000 0.048780 0.000000 12.073171 0.024390 0.048780 13.609756 0.048780 0.000000 0.134146 0.000000 3.097561 6.512195 0.013049 0.013049 0.003902 0.003415 0.993902 0.012195 0.061585 112.963417 188.707321 0.778171 0.013902 0.090854 0.030000 0.021098 0.020854 0.032683 0.033902 2.415385 74939.156250 8837.376953 0.000000 0.000000 1.523077 0.000000 0.753846 0.000000 0.000000 0.061538 0.000000 0.000000 0.000000 0.000000 3.792308 4.461538 0.005231 0.009077 0.010231 0.010231 1.000000 0.000000 0.062769 68.461540 53.253845 0.851923 0.018385 0.092308 0.003692 0.010615 0.010308 0.032308 0.032462 30.130058 12728.387695 287.557800 0.000000 0.000000 0.000000 0.000000 0.005780 0.000000 0.000000 0.005780 0.115607 0.000000 0.014451 0.000000 6.736994 6.667630 0.006561 0.003844 0.000000 0.000000 0.975231 0.024277 0.084277 130.017334 72.141617 0.394971 0.076879 0.311041 0.019046 0.013064 0.004075 0.007399 0.001012 0.310818 1061.529053 13.215645 0.002609 0.000000 0.000656 0.000000 0.000427 0.000164 0.000000 0.000148 0.001165 0.000230 0.000427 0.000000 487.697784 487.720154 0.000047 0.000020 0.000025 0.000025 0.999248 0.001212 0.018257 249.417343 248.699844 0.981561 0.004120 0.959745 0.000943 0.000733 0.000212 0.000317 0.000029 
posle-------------------RANK0
90403 8 52905 13 45 130 346 60946 
RANK0
199.504486 42.835293 314.730896 0.019203 0.000000 0.013152 0.000011 0.001914 0.000066 0.000033 0.004115 0.000631 0.000022 0.001117 0.000000 141.148895 10.126014 0.505774 0.505117 0.254726 0.254864 0.308806 0.061655 0.021080 236.612244 51.165062 0.214227 0.096242 0.078195 0.009177 0.505277 0.504849 0.257178 0.254615 2.250000 2183339.000000 0.000000 0.000000 0.000000 0.000000 0.000000 0.000000 0.000000 0.000000 0.000000 0.000000 0.000000 0.000000 0.000000 1.750000 1.750000 0.000000 0.000000 0.000000 0.000000 1.000000 0.000000 0.000000 148.250000 61.375000 0.255000 0.053750 0.256250 0.033750 0.117500 0.000000 0.000000 0.000000 0.000000 520.407898 0.003176 0.000000 0.000000 0.000000 0.000000 0.000000 0.000000 0.000000 0.010207 0.000000 0.000000 0.000000 0.000000 492.267181 492.267120 0.000002 0.000000 0.000000 0.000000 0.999968 0.000044 0.000077 254.668625 254.545074 0.998659 0.000103 0.998666 0.000052 0.000003 0.000002 0.000021 0.000000 29.692308 489.769226 1137285.250000 0.000000 0.000000 0.000000 0.000000 0.000000 0.000000 0.000000 0.000000 0.000000 0.000000 0.000000 0.000000 1.692308 2.692308 0.038462 0.005385 0.000000 0.000000 1.000000 0.000000 0.010000 139.538467 72.307693 0.326154 0.030000 0.011538 0.046923 0.000769 0.000000 0.015385 0.044615 344.377777 420.733337 164461.593750 0.000000 0.000000 0.088889 0.000000 19.733334 0.022222 0.044444 22.155556 0.088889 0.000000 0.177778 0.000000 3.377778 5.511111 0.001556 0.001556 0.000000 0.000000 0.988889 0.022222 0.051111 84.599998 155.333328 0.670667 0.021778 0.093556 0.041111 0.002889 0.008444 0.026667 0.029333 2.415385 74939.156250 8837.376953 0.000000 0.000000 1.523077 0.000000 0.753846 0.000000 0.000000 0.061538 0.000000 0.000000 0.000000 0.000000 3.792308 4.461538 0.005231 0.009077 0.010231 0.010231 1.000000 0.000000 0.062769 68.461540 53.253845 0.851923 0.018385 0.092308 0.003692 0.010615 0.010308 0.032308 0.032462 30.130058 12728.387695 287.557800 0.000000 0.000000 0.000000 0.000000 0.005780 0.000000 0.000000 0.005780 0.115607 0.000000 0.014451 0.000000 6.736994 6.667630 0.006561 0.003844 0.000000 0.000000 0.975231 0.024277 0.084277 130.017334 72.141617 0.394971 0.076879 0.311041 0.019046 0.013064 0.004075 0.007399 0.001012 0.121238 1061.439453 12.906786 0.002609 0.000000 0.000558 0.000000 0.000295 0.000131 0.000000 0.000148 0.000722 0.000230 0.000427 0.000000 487.745667 487.768066 0.000047 0.000020 0.000025 0.000025 0.999248 0.001212 0.018243 249.428085 248.720993 0.981605 0.004117 0.959815 0.000943 0.000721 0.000207 0.000317 0.000026 
posle-------------------RANK0
90423 8 52906 9 31 130 346 60943 
RANK0
199.467896 42.924976 327.645844 0.019199 0.000000 0.013260 0.000011 0.002046 0.000088 0.000033 0.004158 0.000697 0.000022 0.001117 0.000000 141.118317 10.124880 0.505662 0.505006 0.254669 0.254808 0.308959 0.061641 0.021105 236.568970 51.195858 0.214381 0.096221 0.078206 0.009183 0.505166 0.504738 0.257136 0.254575 2.250000 2183339.000000 0.000000 0.000000 0.000000 0.000000 0.000000 0.000000 0.000000 0.000000 0.000000 0.000000 0.000000 0.000000 0.000000 1.750000 1.750000 0.000000 0.000000 0.000000 0.000000 1.000000 0.000000 0.000000 148.250000 61.375000 0.255000 0.053750 0.256250 0.033750 0.117500 0.000000 0.000000 0.000000 0.000000 520.410156 0.003175 0.000000 0.000000 0.000000 0.000000 0.000000 0.000000 0.000000 0.010207 0.000000 0.000000 0.000000 0.000000 492.257904 492.257812 0.000002 0.000000 0.000000 0.000000 0.999968 0.000044 0.000077 254.668640 254.542465 0.998649 0.000103 0.998655 0.000052 0.000003 0.000002 0.000021 0.000000 41.666668 590.222229 1356778.500000 0.000000 0.000000 0.000000 0.000000 0.000000 0.000000 0.000000 0.000000 0.000000 0.000000 0.000000 0.000000 1.000000 1.000000 0.000000 0.000000 0.000000 0.000000 1.000000 0.000000 0.000000 150.555557 17.444445 0.120000 0.038889 0.012222 0.055556 0.000000 0.000000 0.000000 0.000000 489.225800 461.838715 284069.625000 0.000000 0.000000 0.000000 0.000000 28.516129 0.032258 0.064516 32.032257 0.000000 0.000000 0.258065 0.000000 3.451613 5.677419 0.018387 0.004516 0.000000 0.000000 0.983871 0.032258 0.025806 110.709679 128.741928 0.554839 0.030323 0.051290 0.038387 0.003871 0.011935 0.006452 0.019032 2.415385 74939.156250 8837.376953 0.000000 0.000000 1.523077 0.000000 0.753846 0.000000 0.000000 0.061538 0.000000 0.000000 0.000000 0.000000 3.792308 4.461538 0.005231 0.009077 0.010231 0.010231 1.000000 0.000000 0.062769 68.461540 53.253845 0.851923 0.018385 0.092308 0.003692 0.010615 0.010308 0.032308 0.032462 30.130058 12728.387695 287.557800 0.000000 0.000000 0.000000 0.000000 0.005780 0.000000 0.000000 0.005780 0.115607 0.000000 0.014451 0.000000 6.736994 6.667630 0.006561 0.003844 0.000000 0.000000 0.975231 0.024277 0.084277 130.017334 72.141617 0.394971 0.076879 0.311041 0.019046 0.013064 0.004075 0.007399 0.001012 0.115682 1061.427124 12.812119 0.002609 0.000000 0.000459 0.000000 0.000164 0.000098 0.000000 0.000148 0.000689 0.000230 0.000427 0.000000 487.769653 487.791992 0.000047 0.000020 0.000025 0.000025 0.999248 0.001212 0.018227 249.436401 248.730896 0.981611 0.004117 0.959856 0.000943 0.000721 0.000207 0.000315 0.000024 
posle-------------------RANK0
90426 8 52913 7 24 130 346 60942 
RANK0
199.463257 42.926636 338.634583 0.019198 0.000000 0.013271 0.000011 0.002046 0.000088 0.000033 0.004158 0.000708 0.000022 0.001117 0.000000 141.113770 10.123770 0.505657 0.504990 0.254661 0.254800 0.308971 0.061640 0.021104 236.562225 51.204166 0.214419 0.096215 0.078169 0.009184 0.505150 0.504721 0.257127 0.254566 2.250000 2183339.000000 0.000000 0.000000 0.000000 0.000000 0.000000 0.000000 0.000000 0.000000 0.000000 0.000000 0.000000 0.000000 0.000000 1.750000 1.750000 0.000000 0.000000 0.000000 0.000000 1.000000 0.000000 0.000000 148.250000 61.375000 0.255000 0.053750 0.256250 0.033750 0.117500 0.000000 0.000000 0.000000 0.000000 520.423584 0.003251 0.000000 0.000000 0.000000 0.000000 0.000000 0.000000 0.000000 0.010205 0.000000 0.000000 0.000000 0.000000 492.194824 492.194672 0.000002 0.000000 0.000000 0.000000 0.999968 0.000044 0.000077 254.656708 254.520294 0.998581 0.000109 0.998589 0.000053 0.000003 0.000003 0.000021 0.000000 42.142857 583.428589 1536631.250000 0.000000 0.000000 0.000000 0.000000 0.000000 0.000000 0.000000 0.000000 0.000000 0.000000 0.000000 0.000000 1.000000 1.000000 0.000000 0.000000 0.000000 0.000000 1.000000 0.000000 0.000000 142.714279 18.714285 0.134286 0.042857 0.012857 0.071429 0.000000 0.000000 0.000000 0.000000 633.166687 519.958313 386200.875000 0.000000 0.000000 0.000000 0.000000 36.833332 0.041667 0.083333 41.375000 0.000000 0.000000 0.333333 0.000000 3.083333 5.958333 0.020833 0.002917 0.000000 0.000000 0.979167 0.041667 0.033333 105.875000 104.541664 0.455833 0.037917 0.059583 0.041667 0.001667 0.014583 0.008333 0.024583 2.415385 74939.156250 8837.376953 0.000000 0.000000 1.523077 0.000000 0.753846 0.000000 0.000000 0.061538 0.000000 0.000000 0.000000 0.000000 3.792308 4.461538 0.005231 0.009077 0.010231 0.010231 1.000000 0.000000 0.062769 68.461540 53.253845 0.851923 0.018385 0.092308 0.003692 0.010615 0.010308 0.032308 0.032462 30.130058 12728.387695 287.557800 0.000000 0.000000 0.000000 0.000000 0.005780 0.000000 0.000000 0.005780 0.115607 0.000000 0.014451 0.000000 6.736994 6.667630 0.006561 0.003844 0.000000 0.000000 0.975231 0.024277 0.084277 130.017334 72.141617 0.394971 0.076879 0.311041 0.019046 0.013064 0.004075 0.007399 0.001012 0.113600 1061.418823 12.767435 0.002609 0.000000 0.000443 0.000000 0.000164 0.000098 0.000000 0.000148 0.000673 0.000230 0.000427 0.000000 487.776306 487.800018 0.000030 0.000020 0.000025 0.000025 0.999264 0.001210 0.018227 249.440414 248.734894 0.981611 0.004117 0.959868 0.000943 0.000721 0.000207 0.000315 0.000024 
posle-------------------RANK0
90424 8 52918 6 22 130 346 60942 
RANK0
199.468063 42.905113 344.009460 0.019198 0.000000 0.013271 0.000011 0.002046 0.000088 0.000033 0.004158 0.000708 0.000022 0.001117 0.000000 141.116760 10.124237 0.505668 0.505001 0.254666 0.254805 0.308956 0.061642 0.021100 236.558304 51.204712 0.214423 0.096214 0.078148 0.009186 0.505161 0.504732 0.257133 0.254572 2.250000 2183339.000000 0.000000 0.000000 0.000000 0.000000 0.000000 0.000000 0.000000 0.000000 0.000000 0.000000 0.000000 0.000000 0.000000 1.750000 1.750000 0.000000 0.000000 0.000000 0.000000 1.000000 0.000000 0.000000 148.250000 61.375000 0.255000 0.053750 0.256250 0.033750 0.117500 0.000000 0.000000 0.000000 0.000000 520.432678 0.003250 0.000000 0.000000 0.000000 0.000000 0.000000 0.000000 0.000000 0.010204 0.000000 0.000000 0.000000 0.000000 492.148895 492.148895 0.000002 0.000000 0.000000 0.000000 0.999968 0.000044 0.000090 254.650513 254.507080 0.998528 0.000116 0.998537 0.000055 0.000003 0.000003 0.000021 0.000000 42.333332 562.166687 1651238.625000 0.000000 0.000000 0.000000 0.000000 0.000000 0.000000 0.000000 0.000000 0.000000 0.000000 0.000000 0.000000 1.000000 1.000000 0.000000 0.000000 0.000000 0.000000 1.000000 0.000000 0.000000 132.333328 16.000000 0.128333 0.046667 0.015000 0.083333 0.000000 0.000000 0.000000 0.000000 690.909119 551.727295 437839.031250 0.000000 0.000000 0.000000 0.000000 40.181820 0.045455 0.090909 45.136364 0.000000 0.000000 0.363636 0.000000 2.409091 3.954545 0.022727 0.003182 0.000000 0.000000 0.977273 0.045455 0.022727 119.409088 91.954544 0.406818 0.039545 0.058636 0.036364 0.001818 0.015909 0.009091 0.026818 2.415385 74939.156250 8837.376953 0.000000 0.000000 1.523077 0.000000 0.753846 0.000000 0.000000 0.061538 0.000000 0.000000 0.000000 0.000000 3.792308 4.461538 0.005231 0.009077 0.010231 0.010231 1.000000 0.000000 0.062769 68.461540 53.253845 0.851923 0.018385 0.092308 0.003692 0.010615 0.010308 0.032308 0.032462 30.130058 12728.387695 287.557800 0.000000 0.000000 0.000000 0.000000 0.005780 0.000000 0.000000 0.005780 0.115607 0.000000 0.014451 0.000000 6.736994 6.667630 0.006561 0.003844 0.000000 0.000000 0.975231 0.024277 0.084277 130.017334 72.141617 0.394971 0.076879 0.311041 0.019046 0.013064 0.004075 0.007399 0.001012 0.113600 1061.418823 12.767435 0.002609 0.000000 0.000443 0.000000 0.000164 0.000098 0.000000 0.000148 0.000673 0.000230 0.000427 0.000000 487.776306 487.800018 0.000030 0.000020 0.000025 0.000025 0.999264 0.001210 0.018227 249.440414 248.734894 0.981611 0.004117 0.959868 0.000943 0.000721 0.000207 0.000315 0.000024 
posle-------------------RANK0
90419 8 52924 6 21 130 346 60942 
RANK0
199.479095 42.868744 346.209229 0.019200 0.000000 0.013272 0.000011 0.002046 0.000088 0.000033 0.004158 0.000708 0.000022 0.001117 0.000000 141.124237 10.124619 0.505696 0.505029 0.254680 0.254819 0.308918 0.061645 0.021096 236.560852 51.203751 0.214417 0.096217 0.078124 0.009185 0.505189 0.504760 0.257147 0.254586 2.250000 2183339.000000 0.000000 0.000000 0.000000 0.000000 0.000000 0.000000 0.000000 0.000000 0.000000 0.000000 0.000000 0.000000 0.000000 1.750000 1.750000 0.000000 0.000000 0.000000 0.000000 1.000000 0.000000 0.000000 148.250000 61.375000 0.255000 0.053750 0.256250 0.033750 0.117500 0.000000 0.000000 0.000000 0.000000 520.444092 0.003250 0.000000 0.000000 0.000000 0.000000 0.000000 0.000000 0.000000 0.010203 0.000000 0.000000 0.000000 0.000000 492.093719 492.093719 0.000002 0.000000 0.000000 0.000000 0.999968 0.000044 0.000102 254.640488 254.489532 0.998464 0.000120 0.998472 0.000057 0.000004 0.000003 0.000021 0.000000 42.333332 562.166687 1651238.625000 0.000000 0.000000 0.000000 0.000000 0.000000 0.000000 0.000000 0.000000 0.000000 0.000000 0.000000 0.000000 1.000000 1.000000 0.000000 0.000000 0.000000 0.000000 1.000000 0.000000 0.000000 132.333328 16.000000 0.128333 0.046667 0.015000 0.083333 0.000000 0.000000 0.000000 0.000000 723.809509 567.428589 449298.437500 0.000000 0.000000 0.000000 0.000000 42.095238 0.047619 0.095238 47.285713 0.000000 0.000000 0.380952 0.000000 2.428571 3.333333 0.023810 0.003333 0.000000 0.000000 0.976190 0.047619 0.018095 122.952377 84.190475 0.378571 0.041429 0.060476 0.037143 0.001905 0.016667 0.009524 0.027619 2.415385 74939.156250 8837.376953 0.000000 0.000000 1.523077 0.000000 0.753846 0.000000 0.000000 0.061538 0.000000 0.000000 0.000000 0.000000 3.792308 4.461538 0.005231 0.009077 0.010231 0.010231 1.000000 0.000000 0.062769 68.461540 53.253845 0.851923 0.018385 0.092308 0.003692 0.010615 0.010308 0.032308 0.032462 30.130058 12728.387695 287.557800 0.000000 0.000000 0.000000 0.000000 0.005780 0.000000 0.000000 0.005780 0.115607 0.000000 0.014451 0.000000 6.736994 6.667630 0.006561 0.003844 0.000000 0.000000 0.975231 0.024277 0.084277 130.017334 72.141617 0.394971 0.076879 0.311041 0.019046 0.013064 0.004075 0.007399 0.001012 0.113600 1061.418823 12.767435 0.002609 0.000000 0.000443 0.000000 0.000164 0.000098 0.000000 0.000148 0.000673 0.000230 0.000427 0.000000 487.776306 487.800018 0.000030 0.000020 0.000025 0.000025 0.999264 0.001210 0.018227 249.440414 248.734894 0.981611 0.004117 0.959868 0.000943 0.000721 0.000207 0.000315 0.000024 
posle-------------------RANK0
90418 8 52926 6 20 130 346 60942 
RANK0
199.481293 42.858227 348.648682 0.019200 0.000000 0.013272 0.000011 0.002046 0.000088 0.000033 0.004158 0.000708 0.000022 0.001117 0.000000 141.125977 10.124920 0.505701 0.505034 0.254683 0.254822 0.308910 0.061646 0.021096 236.561356 51.205734 0.214425 0.096217 0.078120 0.009185 0.505194 0.504766 0.257150 0.254589 2.250000 2183339.000000 0.000000 0.000000 0.000000 0.000000 0.000000 0.000000 0.000000 0.000000 0.000000 0.000000 0.000000 0.000000 0.000000 1.750000 1.750000 0.000000 0.000000 0.000000 0.000000 1.000000 0.000000 0.000000 148.250000 61.375000 0.255000 0.053750 0.256250 0.033750 0.117500 0.000000 0.000000 0.000000 0.000000 520.448730 0.003250 0.000000 0.000000 0.000000 0.000000 0.000000 0.000000 0.000000 0.010203 0.000000 0.000000 0.000000 0.000000 492.075226 492.075134 0.000002 0.000000 0.000000 0.000000 0.999968 0.000044 0.000102 254.634888 254.482315 0.998435 0.000123 0.998444 0.000058 0.000004 0.000003 0.000021 0.000000 42.333332 562.166687 1651238.625000 0.000000 0.000000 0.000000 0.000000 0.000000 0.000000 0.000000 0.000000 0.000000 0.000000 0.000000 0.000000 1.000000 1.000000 0.000000 0.000000 0.000000 0.000000 1.000000 0.000000 0.000000 132.333328 16.000000 0.128333 0.046667 0.015000 0.083333 0.000000 0.000000 0.000000 0.000000 760.000000 581.400024 460752.000000 0.000000 0.000000 0.000000 0.000000 44.200001 0.050000 0.100000 49.650002 0.000000 0.000000 0.400000 0.000000 1.500000 2.450000 0.025000 0.003500 0.000000 0.000000 0.975000 0.050000 0.019000 128.050003 75.650002 0.347500 0.043500 0.061000 0.036000 0.002000 0.017000 0.010000 0.029000 2.415385 74939.156250 8837.376953 0.000000 0.000000 1.523077 0.000000 0.753846 0.000000 0.000000 0.061538 0.000000 0.000000 0.000000 0.000000 3.792308 4.461538 0.005231 0.009077 0.010231 0.010231 1.000000 0.000000 0.062769 68.461540 53.253845 0.851923 0.018385 0.092308 0.003692 0.010615 0.010308 0.032308 0.032462 30.130058 12728.387695 287.557800 0.000000 0.000000 0.000000 0.000000 0.005780 0.000000 0.000000 0.005780 0.115607 0.000000 0.014451 0.000000 6.736994 6.667630 0.006561 0.003844 0.000000 0.000000 0.975231 0.024277 0.084277 130.017334 72.141617 0.394971 0.076879 0.311041 0.019046 0.013064 0.004075 0.007399 0.001012 0.113600 1061.418823 12.767435 0.002609 0.000000 0.000443 0.000000 0.000164 0.000098 0.000000 0.000148 0.000673 0.000230 0.000427 0.000000 487.776306 487.800018 0.000030 0.000020 0.000025 0.000025 0.999264 0.001210 0.018227 249.440414 248.734894 0.981611 0.004117 0.959868 0.000943 0.000721 0.000207 0.000315 0.000024 
posle-------------------RANK0
90416 8 52929 6 19 130 346 60942 
RANK0
199.486115 42.849739 351.175293 0.019200 0.000000 0.013272 0.000011 0.002046 0.000088 0.000033 0.004159 0.000708 0.000022 0.001117 0.000000 141.129044 10.125089 0.505713 0.505045 0.254689 0.254828 0.308895 0.061647 0.021096 236.565125 51.205250 0.214425 0.096217 0.078115 0.009185 0.505205 0.504777 0.257155 0.254594 2.250000 2183339.000000 0.000000 0.000000 0.000000 0.000000 0.000000 0.000000 0.000000 0.000000 0.000000 0.000000 0.000000 0.000000 0.000000 1.750000 1.750000 0.000000 0.000000 0.000000 0.000000 1.000000 0.000000 0.000000 148.250000 61.375000 0.255000 0.053750 0.256250 0.033750 0.117500 0.000000 0.000000 0.000000 0.000000 520.455505 0.003250 0.000000 0.000000 0.000000 0.000000 0.000000 0.000000 0.000000 0.010202 0.000000 0.000000 0.000000 0.000000 492.047424 492.047394 0.000002 0.000000 0.000000 0.000000 0.999968 0.000044 0.000102 254.626633 254.471252 0.998390 0.000125 0.998399 0.000060 0.000004 0.000004 0.000021 0.000000 42.333332 562.166687 1651238.625000 0.000000 0.000000 0.000000 0.000000 0.000000 0.000000 0.000000 0.000000 0.000000 0.000000 0.000000 0.000000 1.000000 1.000000 0.000000 0.000000 0.000000 0.000000 1.000000 0.000000 0.000000 132.333328 16.000000 0.128333 0.046667 0.015000 0.083333 0.000000 0.000000 0.000000 0.000000 798.052612 555.684204 473015.468750 0.000000 0.000000 0.000000 0.000000 46.526318 0.052632 0.105263 52.263157 0.000000 0.000000 0.421053 0.000000 1.526316 2.526316 0.026316 0.003684 0.000000 0.000000 0.973684 0.052632 0.020000 124.578949 77.947365 0.357368 0.044737 0.063684 0.034737 0.002105 0.017895 0.010526 0.030526 2.415385 74939.156250 8837.376953 0.000000 0.000000 1.523077 0.000000 0.753846 0.000000 0.000000 0.061538 0.000000 0.000000 0.000000 0.000000 3.792308 4.461538 0.005231 0.009077 0.010231 0.010231 1.000000 0.000000 0.062769 68.461540 53.253845 0.851923 0.018385 0.092308 0.003692 0.010615 0.010308 0.032308 0.032462 30.130058 12728.387695 287.557800 0.000000 0.000000 0.000000 0.000000 0.005780 0.000000 0.000000 0.005780 0.115607 0.000000 0.014451 0.000000 6.736994 6.667630 0.006561 0.003844 0.000000 0.000000 0.975231 0.024277 0.084277 130.017334 72.141617 0.394971 0.076879 0.311041 0.019046 0.013064 0.004075 0.007399 0.001012 0.113600 1061.418823 12.767435 0.002609 0.000000 0.000443 0.000000 0.000164 0.000098 0.000000 0.000148 0.000673 0.000230 0.000427 0.000000 487.776306 487.800018 0.000030 0.000020 0.000025 0.000025 0.999264 0.001210 0.018227 249.440414 248.734894 0.981611 0.004117 0.959868 0.000943 0.000721 0.000207 0.000315 0.000024 
posle-------------------RANK0
90413 8 52932 6 19 130 346 60942 
RANK0
199.492722 42.829891 351.186920 0.019201 0.000000 0.013272 0.000011 0.002046 0.000088 0.000033 0.004159 0.000708 0.000022 0.001117 0.000000 141.133682 10.125369 0.505729 0.505062 0.254697 0.254836 0.308872 0.061649 0.021097 236.567932 51.205147 0.214424 0.096219 0.078109 0.009185 0.505221 0.504793 0.257164 0.254603 2.250000 2183339.000000 0.000000 0.000000 0.000000 0.000000 0.000000 0.000000 0.000000 0.000000 0.000000 0.000000 0.000000 0.000000 0.000000 1.750000 1.750000 0.000000 0.000000 0.000000 0.000000 1.000000 0.000000 0.000000 148.250000 61.375000 0.255000 0.053750 0.256250 0.033750 0.117500 0.000000 0.000000 0.000000 0.000000 520.462341 0.003249 0.000000 0.000000 0.000000 0.000000 0.000000 0.000000 0.000000 0.010202 0.000000 0.000000 0.000000 0.000000 492.019653 492.019623 0.000002 0.000000 0.000000 0.000000 0.999968 0.000044 0.000102 254.620834 254.459915 0.998348 0.000128 0.998357 0.000061 0.000005 0.000004 0.000021 0.000000 42.333332 562.166687 1651238.625000 0.000000 0.000000 0.000000 0.000000 0.000000 0.000000 0.000000 0.000000 0.000000 0.000000 0.000000 0.000000 1.000000 1.000000 0.000000 0.000000 0.000000 0.000000 1.000000 0.000000 0.000000 132.333328 16.000000 0.128333 0.046667 0.015000 0.083333 0.000000 0.000000 0.000000 0.000000 798.052612 555.684204 473015.468750 0.000000 0.000000 0.000000 0.000000 46.526318 0.052632 0.105263 52.263157 0.000000 0.000000 0.421053 0.000000 1.526316 2.526316 0.026316 0.003684 0.000000 0.000000 0.973684 0.052632 0.020000 124.578949 77.947365 0.357368 0.044737 0.063684 0.034737 0.002105 0.017895 0.010526 0.030526 2.415385 74939.156250 8837.376953 0.000000 0.000000 1.523077 0.000000 0.753846 0.000000 0.000000 0.061538 0.000000 0.000000 0.000000 0.000000 3.792308 4.461538 0.005231 0.009077 0.010231 0.010231 1.000000 0.000000 0.062769 68.461540 53.253845 0.851923 0.018385 0.092308 0.003692 0.010615 0.010308 0.032308 0.032462 30.130058 12728.387695 287.557800 0.000000 0.000000 0.000000 0.000000 0.005780 0.000000 0.000000 0.005780 0.115607 0.000000 0.014451 0.000000 6.736994 6.667630 0.006561 0.003844 0.000000 0.000000 0.975231 0.024277 0.084277 130.017334 72.141617 0.394971 0.076879 0.311041 0.019046 0.013064 0.004075 0.007399 0.001012 0.113600 1061.418823 12.767435 0.002609 0.000000 0.000443 0.000000 0.000164 0.000098 0.000000 0.000148 0.000673 0.000230 0.000427 0.000000 487.776306 487.800018 0.000030 0.000020 0.000025 0.000025 0.999264 0.001210 0.018227 249.440414 248.734894 0.981611 0.004117 0.959868 0.000943 0.000721 0.000207 0.000315 0.000024 
posle-------------------RANK0
90413 8 52932 6 19 130 346 60942 
RANK0
199.492722 42.829891 351.186920 0.019201 0.000000 0.013272 0.000011 0.002046 0.000088 0.000033 0.004159 0.000708 0.000022 0.001117 0.000000 141.133682 10.125369 0.505729 0.505062 0.254697 0.254836 0.308872 0.061649 0.021097 236.567932 51.205147 0.214424 0.096219 0.078109 0.009185 0.505221 0.504793 0.257164 0.254603 2.250000 2183339.000000 0.000000 0.000000 0.000000 0.000000 0.000000 0.000000 0.000000 0.000000 0.000000 0.000000 0.000000 0.000000 0.000000 1.750000 1.750000 0.000000 0.000000 0.000000 0.000000 1.000000 0.000000 0.000000 148.250000 61.375000 0.255000 0.053750 0.256250 0.033750 0.117500 0.000000 0.000000 0.000000 0.000000 520.462341 0.003249 0.000000 0.000000 0.000000 0.000000 0.000000 0.000000 0.000000 0.010202 0.000000 0.000000 0.000000 0.000000 492.019653 492.019623 0.000002 0.000000 0.000000 0.000000 0.999968 0.000044 0.000102 254.620834 254.459915 0.998348 0.000128 0.998357 0.000061 0.000005 0.000004 0.000021 0.000000 42.333332 562.166687 1651238.625000 0.000000 0.000000 0.000000 0.000000 0.000000 0.000000 0.000000 0.000000 0.000000 0.000000 0.000000 0.000000 1.000000 1.000000 0.000000 0.000000 0.000000 0.000000 1.000000 0.000000 0.000000 132.333328 16.000000 0.128333 0.046667 0.015000 0.083333 0.000000 0.000000 0.000000 0.000000 798.052612 555.684204 473015.468750 0.000000 0.000000 0.000000 0.000000 46.526318 0.052632 0.105263 52.263157 0.000000 0.000000 0.421053 0.000000 1.526316 2.526316 0.026316 0.003684 0.000000 0.000000 0.973684 0.052632 0.020000 124.578949 77.947365 0.357368 0.044737 0.063684 0.034737 0.002105 0.017895 0.010526 0.030526 2.415385 74939.156250 8837.376953 0.000000 0.000000 1.523077 0.000000 0.753846 0.000000 0.000000 0.061538 0.000000 0.000000 0.000000 0.000000 3.792308 4.461538 0.005231 0.009077 0.010231 0.010231 1.000000 0.000000 0.062769 68.461540 53.253845 0.851923 0.018385 0.092308 0.003692 0.010615 0.010308 0.032308 0.032462 30.130058 12728.387695 287.557800 0.000000 0.000000 0.000000 0.000000 0.005780 0.000000 0.000000 0.005780 0.115607 0.000000 0.014451 0.000000 6.736994 6.667630 0.006561 0.003844 0.000000 0.000000 0.975231 0.024277 0.084277 130.017334 72.141617 0.394971 0.076879 0.311041 0.019046 0.013064 0.004075 0.007399 0.001012 0.113600 1061.418823 12.767435 0.002609 0.000000 0.000443 0.000000 0.000164 0.000098 0.000000 0.000148 0.000673 0.000230 0.000427 0.000000 487.776306 487.800018 0.000030 0.000020 0.000025 0.000025 0.999264 0.001210 0.018227 249.440414 248.734894 0.981611 0.004117 0.959868 0.000943 0.000721 0.000207 0.000315 0.000024 
===================================PAR=======================================

number of threads: 4
number of Clusters 8
number of Attributes 34

Time for process: 0.610786
TEST PASSED
