
JACOBI_OPENMP:
  C/OpenMP version
  Jacobi iteration to solve A*x=b.

  Number of variables  N = 5000
  Number of iterations M = 50000

  IT     l2(dX)    l2(resid)

         0          2500.5          2500.5
         1         1250.25         1768.12
         2          884.06         1397.82
         3         698.911          1169.5
         4         584.751         1012.82
         5         506.409         897.767
         6         448.884         809.237
         7         404.618         738.729
         8         369.364         681.074
         9         340.537         632.936
  Omitting intermediate results.
     49991        0.561779         1.12354
     49992        0.561771         1.12352
     49993        0.561762         1.12351
     49994        0.561754         1.12349
     49995        0.561745         1.12347
     49996        0.561737         1.12346
     49997        0.561729         1.12344
     49998         0.56172         1.12342
     49999        0.561712         1.12341

  Part of final solution estimate:

         0     5.7282e-108
         1    1.14564e-107
         2    1.74156e-107
         3    2.33749e-107
         4    2.98055e-107
         5     3.6236e-107
         6    4.33971e-107
         7    5.05581e-107
         8     5.8738e-107
         9    6.69179e-107
...
      4989         4804.79
      4990         4822.61
      4991         4840.44
      4992         4858.27
      4993         4876.11
      4994         4893.95
      4995         4911.78
      4996         4929.63
      4997         4947.47
      4998         4965.31
      4999         4983.16
*****************DZ1Z4******************
  Number of threads : 8
  Time elapsed: 3.0591154
*****************************************
