
JACOBI_OPENMP:
  C/OpenMP version
  Jacobi iteration to solve A*x=b.

  Number of variables  N = 500
  Number of iterations M = 5000

  IT     l2(dX)    l2(resid)

         0           250.5           250.5
         1          125.25          177.13
         2         88.5651         140.034
         3         70.0169         117.161
         4         58.5803         101.464
         5          50.732         89.9383
         6         44.9692         81.0693
         7         40.5346         74.0058
         8         37.0029           68.23
         9          34.115         63.4075
  Omitting intermediate results.
      4991        0.316833        0.633571
      4992        0.316786        0.633476
      4993        0.316738        0.633381
      4994         0.31669        0.633286
      4995        0.316643        0.633191
      4996        0.316595        0.633096
      4997        0.316548        0.633001
      4998          0.3165        0.632906
      4999        0.316453        0.632811

  Part of final solution estimate:

         0     1.37559e-10
         1     2.75118e-10
         2      4.1814e-10
         3     5.61161e-10
         4     7.15307e-10
         5     8.69452e-10
         6     1.04079e-09
         7     1.21212e-09
         8     1.40734e-09
         9     1.60255e-09
...
       489         439.066
       490         444.663
       491         450.259
       492         455.876
       493         461.493
       494         467.126
       495         472.758
       496         478.402
       497         484.046
       498         489.696
       499         495.347
*****************DZ1Z4******************
  Number of threads : 8
  Time elapsed: 0.1015335
*****************************************
