
JACOBI_OPENMP:
  C/OpenMP version
  Jacobi iteration to solve A*x=b.

  Number of variables  N = 1000
  Number of iterations M = 10000

  IT     l2(dX)    l2(resid)

         0           500.5           500.5
         1          250.25         353.907
         2         176.953         279.788
         3         139.894         234.087
         4         117.044         202.726
         5         101.363         179.697
         6         89.8486         161.977
         7         80.9884         147.864
         8         73.9319         136.324
         9         68.1619         126.688
  Omitting intermediate results.
      9991        0.376171        0.752286
      9992        0.376143        0.752229
      9993        0.376115        0.752173
      9994        0.376086        0.752116
      9995        0.376058         0.75206
      9996         0.37603        0.752004
      9997        0.376002        0.751947
      9998        0.375974        0.751891
      9999        0.375945        0.751834

  Part of final solution estimate:

         0     2.58873e-21
         1     5.17746e-21
         2     7.86988e-21
         3     1.05623e-20
         4     1.34661e-20
         5     1.63699e-20
         6     1.96009e-20
         7     2.28319e-20
         8     2.65184e-20
         9     3.02048e-20
...
       989         913.323
       990         921.269
       991         929.216
       992         937.177
       993         945.138
       994         953.111
       995         961.083
       996         969.063
       997         977.043
       998         985.028
       999         993.013
*****************SEQ********************
  Time elapsed: 0.0414706
*****************************************
