
JACOBI_OPENMP:
  C/OpenMP version
  Jacobi iteration to solve A*x=b.

  Number of variables  N = 10000
  Number of iterations M = 100000

  IT     l2(dX)    l2(resid)

         0          5000.5          5000.5
         1         2500.25         3535.89
         2         1767.94         2795.36
         3         1397.68         2338.77
         4         1169.38         2025.43
         5         1012.72         1795.36
         6         897.678         1618.31
         7         809.156         1477.31
         8         738.655         1362.01
         9         681.006         1265.75
  Omitting intermediate results.
     99991        0.667964         1.33592
     99992        0.667959         1.33591
     99993        0.667954          1.3359
     99994        0.667949         1.33589
     99995        0.667944         1.33588
     99996        0.667939         1.33587
     99997        0.667934         1.33586
     99998        0.667929         1.33585
     99999        0.667924         1.33584

  Part of final solution estimate:

         0    1.42295e-216
         1     2.8459e-216
         2     4.3263e-216
         3    5.80669e-216
         4    7.40428e-216
         5    9.00188e-216
         6    1.07811e-215
         7    1.25604e-215
         8    1.45931e-215
         9    1.66257e-215
...
      9989         9723.48
      9990         9748.71
      9991         9773.93
      9992         9799.15
      9993         9824.38
      9994         9849.61
      9995         9874.84
      9996         9900.07
      9997          9925.3
      9998         9950.53
      9999         9975.77
*****************DZ1Z4******************
  Number of threads : 8
  Time elapsed: 10.2358782
*****************************************
