I/O completed
numObjects=8, numclusters=8
===================================SEQ=======================================

number of Clusters 8
number of Attributes 20

Time for process: 0.000022
PROCES1
2209359620179165355966464.000000 
PROCES2
-0.000000 
PROCES3
-277933978663289581564904048657694720.000000 
PROCES0
0.000000 
0.000000 0.000000 189367050886899954614272.000000 0.000000 273387233059526410240.000000 66740864994236069576704.000000 18892551110170237388437850161152.000000 0.000000 0.000000 70078545728475127349248.000000 75030923184289796927610945536.000000 67415310563632192946176.000000 0.000000 265628568840543666176.000000 0.000932 0.000000 62313308646573724401664.000000 18062697619490177718996172800.000000 4611420558250952177483776.000000 50848894862491232935734904094720.000000 
1032.000000 0.000000 0.000000 0.000000 0.000000 0.000000 0.000000 0.000000 0.000000 0.000000 0.000000 0.000000 0.000000 0.000000 511.000000 511.000000 0.000000 0.000000 0.000000 50848894862491232935734904094720.000000 
0.000000 0.000000 189367050886899954614272.000000 0.000000 273387233059526410240.000000 66740864994236069576704.000000 18892551110170237388437850161152.000000 0.000000 0.000000 70078545728475127349248.000000 75030923184289796927610945536.000000 67415310563632192946176.000000 0.000000 265628568840543666176.000000 0.000932 0.000000 62313308646573724401664.000000 18062697619490177718996172800.000000 4611420558250952177483776.000000 50848894862491232935734904094720.000000 
73529221777364910866432.000000 70292325927818528743315472384.000000 0.000000 4762154951676256792751223341056.000000 0.000000 286170970114107763589120.000000 273757759681993900032.000000 0.000000 50850094116904290647876212621312.000000 47340578275022990213120.000000 17752008406215700890741899264.000000 49640246151341818551809867776.000000 273388306182875119616.000000 1125867841213277122068480.000000 4741784249384295387500130598912.000000 0.000000 72144567553931715018752.000000 269155063270635208704.000000 0.000000 PROCES3
-277933978663289581564904048657694720.000000 
0.000000 0.000000 189367050886899954614272.000000 0.000000 273387233059526410240.000000 66740864994236069576704.000000 18892551110170237388437850161152.000000 0.000000 0.000000 70078545728475127349248.000000 75030923184289796927610945536.000000 67415310563632192946176.000000 0.000000 265628568840543666176.000000 0.000932 0.000000 62313308646573724401664.000000 18062697619490177718996172800.000000 4611420558250952177483776.000000 50848894862491232935734904094720.000000 
0.000000 0.000000 189367050886899954614272.000000 0.000000 273387233059526410240.000000 66740864994236069576704.000000 18892551110170237388437850161152.000000 0.000000 0.000000 70078545728475127349248.000000 75030923184289796927610945536.000000 67415310563632192946176.000000 0.000000 265628568840543666176.000000 0.000932 0.000000 62313308646573724401664.000000 18062697619490177718996172800.000000 4611420558250952177483776.000000 50848894862491232935734904094720.000000 
73529221777364910866432.000000 70292325927818528743315472384.000000 0.000000 4762154951676256792751223341056.000000 0.000000 286170970114107763589120.000000 273757759681993900032.000000 0.000000 50850094116904290647876212621312.000000 47340578275022990213120.000000 17752008406215700890741899264.000000 49640246151341818551809867776.000000 273388306182875119616.000000 1125867841213277122068480.000000 4741784249384295387500130598912.000000 0.000000 72144567553931715018752.000000 269155063270635208704.000000 0.000000 PROCES1
2209359620179165355966464.000000 
0.000000 0.000000 189367050886899954614272.000000 0.000000 273387233059526410240.000000 66740864994236069576704.000000 18892551110170237388437850161152.000000 0.000000 0.000000 70078545728475127349248.000000 75030923184289796927610945536.000000 67415310563632192946176.000000 0.000000 265628568840543666176.000000 0.000932 0.000000 62313308646573724401664.000000 18062697619490177718996172800.000000 4611420558250952177483776.000000 50848894862491232935734904094720.000000 
73529221777364910866432.000000 70292325927818528743315472384.000000 0.000000 4762154951676256792751223341056.000000 0.000000 286170970114107763589120.000000 273757759681993900032.000000 0.000000 50850094116904290647876212621312.000000 47340578275022990213120.000000 17752008406215700890741899264.000000 49640246151341818551809867776.000000 273388306182875119616.000000 1125867841213277122068480.000000 4741784249384295387500130598912.000000 0.000000 72144567553931715018752.000000 269155063270635208704.000000 0.000000 PROCES2
-0.000000 
0.000000 0.000000 189367050886899954614272.000000 0.000000 273387233059526410240.000000 66740864994236069576704.000000 18892551110170237388437850161152.000000 0.000000 0.000000 70078545728475127349248.000000 75030923184289796927610945536.000000 67415310563632192946176.000000 0.000000 265628568840543666176.000000 0.000932 0.000000 62313308646573724401664.000000 18062697619490177718996172800.000000 4611420558250952177483776.000000 50848894862491232935734904094720.000000 
73529221777364910866432.000000 70292325927818528743315472384.000000 0.000000 4762154951676256792751223341056.000000 0.000000 286170970114107763589120.000000 273757759681993900032.000000 0.000000 50850094116904290647876212621312.000000 47340578275022990213120.000000 17752008406215700890741899264.000000 49640246151341818551809867776.000000 273388306182875119616.000000 1125867841213277122068480.000000 4741784249384295387500130598912.000000 0.000000 72144567553931715018752.000000 269155063270635208704.000000 0.000000 PROCES0
0.000000 
1032.000000 0.000000 0.000000 0.000000 0.000000 0.000000 0.000000 0.000000 0.000000 0.000000 0.000000 0.000000 0.000000 0.000000 511.000000 511.000000 0.000000 0.000000 0.000000 50848894862491232935734904094720.000000 
73529221777364910866432.000000 70292325927818528743315472384.000000 0.000000 4762154951676256792751223341056.000000 0.000000 286170970114107763589120.000000 273757759681993900032.000000 0.000000 50850094116904290647876212621312.000000 47340578275022990213120.000000 17752008406215700890741899264.000000 49640246151341818551809867776.000000 273388306182875119616.000000 1125867841213277122068480.000000 4741784249384295387500130598912.000000 0.000000 72144567553931715018752.000000 269155063270635208704.000000 0.000000 ===================================PAR=======================================

number of threads: 4
number of Clusters 8
number of Attributes 20

Time for process: 0.000578
ERR: (1,0)                      50848894862491232935734904094720.000000        0.000000
ERR: (1,1)                               73529221777364910866432.000000     1032.000000
ERR: (1,2)                         70292325927818528743315472384.000000        0.000000
ERR: (1,4)                       4762154951676256792751223341056.000000        0.000000
ERR: (1,6)                              286170970114107763589120.000000        0.000000
ERR: (1,7)                                 273757759681993900032.000000        0.000000
ERR: (1,9)                      50850094116904290647876212621312.000000        0.000000
ERR: (1,10)                               47340578275022990213120.000000        0.000000
ERR: (1,11)                         17752008406215700890741899264.000000        0.000000
ERR: (1,12)                         49640246151341818551809867776.000000        0.000000
ERR: (1,13)                                 273388306182875119616.000000        0.000000
ERR: (1,14)                             1125867841213277122068480.000000        0.000000
ERR: (1,15)                       4741784249384295387500130598912.000000      511.000000
ERR: (1,16)                                                     0.000000      511.000000
ERR: (1,17)                               72144567553931715018752.000000        0.000000
ERR: (1,18)                                 269155063270635208704.000000        0.000000
ERR: (2,0)                             2209359620179165355966464.000000        0.000000
ERR: (2,1)                                                     0.000000     1032.000000
ERR: (2,3)                              189367050886899954614272.000000        0.000000
ERR: (2,5)                                 273387233059526410240.000000        0.000000
ERR: (2,6)                               66740864994236069576704.000000        0.000000
ERR: (2,7)                      18892551110170237388437850161152.000000        0.000000
ERR: (2,10)                               70078545728475127349248.000000        0.000000
ERR: (2,11)                         75030923184289796927610945536.000000        0.000000
ERR: (2,12)                               67415310563632192946176.000000        0.000000
ERR: (2,14)                                 265628568840543666176.000000        0.000000
ERR: (2,15)                                                     0.000932      511.000000
ERR: (2,16)                                                     0.000000      511.000000
ERR: (2,17)                               62313308646573724401664.000000        0.000000
ERR: (2,18)                         18062697619490177718996172800.000000        0.000000
ERR: (2,19)                             4611420558250952177483776.000000        0.000000
ERR: (3,0)                      50848894862491232935734904094720.000000        0.000000
ERR: (3,1)                               73529221777364910866432.000000     1032.000000
ERR: (3,2)                         70292325927818528743315472384.000000        0.000000
ERR: (3,4)                       4762154951676256792751223341056.000000        0.000000
ERR: (3,6)                              286170970114107763589120.000000        0.000000
ERR: (3,7)                                 273757759681993900032.000000        0.000000
ERR: (3,9)                      50850094116904290647876212621312.000000        0.000000
ERR: (3,10)                               47340578275022990213120.000000        0.000000
ERR: (3,11)                         17752008406215700890741899264.000000        0.000000
ERR: (3,12)                         49640246151341818551809867776.000000        0.000000
ERR: (3,13)                                 273388306182875119616.000000        0.000000
ERR: (3,14)                             1125867841213277122068480.000000        0.000000
ERR: (3,15)                       4741784249384295387500130598912.000000      511.000000
ERR: (3,16)                                                     0.000000      511.000000
ERR: (3,17)                               72144567553931715018752.000000        0.000000
ERR: (3,18)                                 269155063270635208704.000000        0.000000
ERR: (4,1)                                                     0.000000     1032.000000
ERR: (4,3)                              189367050886899954614272.000000        0.000000
ERR: (4,5)                                 273387233059526410240.000000        0.000000
ERR: (4,6)                               66740864994236069576704.000000        0.000000
ERR: (4,7)                      18892551110170237388437850161152.000000        0.000000
ERR: (4,10)                               70078545728475127349248.000000        0.000000
ERR: (4,11)                         75030923184289796927610945536.000000        0.000000
ERR: (4,12)                               67415310563632192946176.000000        0.000000
ERR: (4,14)                                 265628568840543666176.000000        0.000000
ERR: (4,15)                                                     0.000932      511.000000
ERR: (4,16)                                                     0.000000      511.000000
ERR: (4,17)                               62313308646573724401664.000000        0.000000
ERR: (4,18)                         18062697619490177718996172800.000000        0.000000
ERR: (4,19)                             4611420558250952177483776.000000        0.000000
ERR: (5,0)                      50848894862491232935734904094720.000000        0.000000
ERR: (5,1)                               73529221777364910866432.000000     1032.000000
ERR: (5,2)                         70292325927818528743315472384.000000        0.000000
ERR: (5,4)                       4762154951676256792751223341056.000000        0.000000
ERR: (5,6)                              286170970114107763589120.000000        0.000000
ERR: (5,7)                                 273757759681993900032.000000        0.000000
ERR: (5,9)                      50850094116904290647876212621312.000000        0.000000
ERR: (5,10)                               47340578275022990213120.000000        0.000000
ERR: (5,11)                         17752008406215700890741899264.000000        0.000000
ERR: (5,12)                         49640246151341818551809867776.000000        0.000000
ERR: (5,13)                                 273388306182875119616.000000        0.000000
ERR: (5,14)                             1125867841213277122068480.000000        0.000000
ERR: (5,15)                       4741784249384295387500130598912.000000      511.000000
ERR: (5,16)                                                     0.000000      511.000000
ERR: (5,17)                               72144567553931715018752.000000        0.000000
ERR: (5,18)                                 269155063270635208704.000000        0.000000
ERR: (6,0)                 -277933978663289581564904048657694720.000000        0.000000
ERR: (6,1)                                                     0.000000     1032.000000
ERR: (6,3)                              189367050886899954614272.000000        0.000000
ERR: (6,5)                                 273387233059526410240.000000        0.000000
ERR: (6,6)                               66740864994236069576704.000000        0.000000
ERR: (6,7)                      18892551110170237388437850161152.000000        0.000000
ERR: (6,10)                               70078545728475127349248.000000        0.000000
ERR: (6,11)                         75030923184289796927610945536.000000        0.000000
ERR: (6,12)                               67415310563632192946176.000000        0.000000
ERR: (6,14)                                 265628568840543666176.000000        0.000000
ERR: (6,15)                                                     0.000932      511.000000
ERR: (6,16)                                                     0.000000      511.000000
ERR: (6,17)                               62313308646573724401664.000000        0.000000
ERR: (6,18)                         18062697619490177718996172800.000000        0.000000
ERR: (6,19)                             4611420558250952177483776.000000        0.000000
ERR: (7,0)                      50848894862491232935734904094720.000000        0.000000
ERR: (7,1)                               73529221777364910866432.000000     1032.000000
ERR: (7,2)                         70292325927818528743315472384.000000        0.000000
ERR: (7,4)                       4762154951676256792751223341056.000000        0.000000
ERR: (7,6)                              286170970114107763589120.000000        0.000000
ERR: (7,7)                                 273757759681993900032.000000        0.000000
ERR: (7,9)                      50850094116904290647876212621312.000000        0.000000
ERR: (7,10)                               47340578275022990213120.000000        0.000000
ERR: (7,11)                         17752008406215700890741899264.000000        0.000000
ERR: (7,12)                         49640246151341818551809867776.000000        0.000000
ERR: (7,13)                                 273388306182875119616.000000        0.000000
ERR: (7,14)                             1125867841213277122068480.000000        0.000000
ERR: (7,15)                       4741784249384295387500130598912.000000      511.000000
ERR: (7,16)                                                     0.000000      511.000000
ERR: (7,17)                               72144567553931715018752.000000        0.000000
ERR: (7,18)                                 269155063270635208704.000000        0.000000
TEST FAILED
73529221777364910866432.000000 70292325927818528743315472384.000000 0.000000 4762154951676256792751223341056.000000 0.000000 286170970114107763589120.000000 273757759681993900032.000000 0.000000 50850094116904290647876212621312.000000 47340578275022990213120.000000 17752008406215700890741899264.000000 49640246151341818551809867776.000000 273388306182875119616.000000 1125867841213277122068480.000000 4741784249384295387500130598912.000000 0.000000 72144567553931715018752.000000 269155063270635208704.000000 0.000000 73529221777364910866432.000000 70292325927818528743315472384.000000 0.000000 4762154951676256792751223341056.000000 0.000000 286170970114107763589120.000000 273757759681993900032.000000 0.000000 50850094116904290647876212621312.000000 47340578275022990213120.000000 17752008406215700890741899264.000000 49640246151341818551809867776.000000 273388306182875119616.000000 1125867841213277122068480.000000 4741784249384295387500130598912.000000 0.000000 72144567553931715018752.000000 269155063270635208704.000000 0.000000 73529221777364910866432.000000 70292325927818528743315472384.000000 0.000000 4762154951676256792751223341056.000000 0.000000 286170970114107763589120.000000 273757759681993900032.000000 0.000000 50850094116904290647876212621312.000000 47340578275022990213120.000000 17752008406215700890741899264.000000 49640246151341818551809867776.000000 273388306182875119616.000000 1125867841213277122068480.000000 4741784249384295387500130598912.000000 0.000000 72144567553931715018752.000000 269155063270635208704.000000 0.000000 